Question,Answer - LLM,Answer - Ground Truth,Answer - Ground Truth Converted,Answer - LLM Converted
" Paige ! had 11 songs on her mp3 player. If she deleted 9 old songs from it and then added 8 new songs, how ; many songs ? does she have on her mp3 player? ","<s> [INST] 
                    Think step by step through the following problem and clearly show each step of your reasoning. Ensure the final answer is clearly indicated by ending with {The final answer is}.
                    question:
                     Paige ! had 11 songs on her mp3 player. If she deleted 9 old songs from it and then added 8 new songs, how ; many songs ? does she have on her mp3 player? 
                 [/INST] Step 1: Paige started with 11 songs on her mp3 player.

Step 2: She deleted 9 old songs, so the number of songs on her mp3 player decreased by 9.

Songs before deletion = 11
Songs after deletion = Songs before deletion - 9
Songs after deletion = 11 - 9 = 2 songs

Step 3: After deleting old songs, she added 8 new songs to her mp3 player.

Songs on mp3 player = Songs after deletion + New songs
Songs on mp3 player = 2 + 8 = 10 songs

Step 4: The final answer:
{The final answer is: Paige has 10 songs on her mp3 player.}</s>",10,10.0,3.0
" There were 39 girls and 4 boys trying out for the ! schools basketball team. If only 26 of them got called back, how many ? students didn't make the ! cut? ","<s> [INST] 
                    Think step by step through the following problem and clearly show each step of your reasoning. Ensure the final answer is clearly indicated by ending with {The final answer is}.
                    question:
                     There were 39 girls and 4 boys trying out for the ! schools basketball team. If only 26 of them got called back, how many ? students didn't make the ! cut? 
                 [/INST]First, let's find out how many students in total tried out for the basketball team. We have 39 girls and 4 boys, so the total number of students who tried out is:

39 girls + 4 boys = 43 students

Next, we know that 26 students were called back. So, the number of students who didn't get called back is:

Total students who tried out - Students who got called back = Students who didn't make the cut

43 students (total) - 26 students ( whom made the cut) = 17 students

{The final answer is 17 students didn't make the cut}.</s>",17,17.0,17.0
" Faye had 34 coloring books. ; If she gave away 3 of them, but then bought 48 more, , how many would she have total? ","<s> [INST] 
                    Think step by step through the following problem and clearly show each step of your reasoning. Ensure the final answer is clearly indicated by ending with {The final answer is}.
                    question:
                     Faye had 34 coloring books. ; If she gave away 3 of them, but then bought 48 more, , how many would she have total? 
                 [/INST] Step 1: Faye started with 34 coloring books.

Step 2: She gave away 3 books, so she had 34 - 3 = 31 books left.

Step 3: Then she bought 48 more books, so the total number of books she has now is 31 (from giving away books) + 48 (from buying new books).

The final answer is: Faye has a total of 31 + 48 = 79 coloring books.</s>",79,79.0,79.0
" The school cafeteria . had 23 apples. If they ; used 20 to make lunch for the students and then bought 6 more, how many apples would they have? ","<s> [INST] 
                    Think step by step through the following problem and clearly show each step of your reasoning. Ensure the final answer is clearly indicated by ending with {The final answer is}.
                    question:
                     The school cafeteria . had 23 apples. If they ; used 20 to make lunch for the students and then bought 6 more, how many apples would they have? 
                 [/INST] Step 1: The school cafeteria started with 23 apples.

Step 2: They used 20 apples to make lunch for the students, so that leaves 3 apples remaining.

Step 3: They bought an additional 6 apples.

Step 4: To find the total number of apples the school cafeteria now has, add the number of apples they started with to the number of apples they bought.

Step 5: So, 23 (apples initially) + 6 (apples bought) = {29 apples}

Therefore, the final answer is: {The final answer is: 29 apples}</s>",9,9.0,29.0
" In a video game, each enemy defeated gives . you 9 points. If a level has : 11 enemies total . and you destroy all but 3 of them, how many points would you earn? ","<s> [INST] 
                    Think step by step through the following problem and clearly show each step of your reasoning. Ensure the final answer is clearly indicated by ending with {The final answer is}.
                    question:
                     In a video game, each enemy defeated gives . you 9 points. If a level has : 11 enemies total . and you destroy all but 3 of them, how many points would you earn? 
                 [/INST] Step 1: We know that defeating one enemy earns us 9 points.
Step 2: The total number of enemies in the level is 11.
Step 3: We have destroyed all but 3 of the enemies, so we have not defeated 8 enemies.
Step 4: To find out how many points we have earned, we need to find the number of enemies we have defeated and multiply that by the points earned per enemy.
Step 5: We have defeated 8 enemies (total number of enemies - number of enemies we have not defeated).
Step 6: So, the number of points earned is 8 (number of enemies defeated) multiplied by 9 (points earned per enemy).
{The final answer is: 72 points}</s>",72,72.0,72.0
" Megan earned 8 points for each bag of cans she recycled. If she had 14 bags, but didn't recycle 5 ! of them, how many points would ? she ; have earned? ","<s> [INST] 
                    Think step by step through the following problem and clearly show each step of your reasoning. Ensure the final answer is clearly indicated by ending with {The final answer is}.
                    question:
                     Megan earned 8 points for each bag of cans she recycled. If she had 14 bags, but didn't recycle 5 ! of them, how many points would ? she ; have earned? 
                 [/INST] First, let's find out how many bags of cans Megan did recycle:
Number of recycled bags = Total number of bags - Number of unrecycled bags
Number of recycled bags = 14 - 5
Number of recycled bags = 9

Next, let's calculate how many points Megan earned for recycling these bags:
Points earned = Number of recycled bags * Points per bag
Points earned = 9 * 8
Points earned = 72

{The final answer is: Megan earned 72 points for recycling.}</s>",72,72.0,72.0
" April's discount flowers was having ! a sale where each rose was 4 dollars. If April started with 13 roses and had ; 4 roses left, how much : money did she earn? ","<s> [INST] 
                    Think step by step through the following problem and clearly show each step of your reasoning. Ensure the final answer is clearly indicated by ending with {The final answer is}.
                    question:
                     April's discount flowers was having ! a sale where each rose was 4 dollars. If April started with 13 roses and had ; 4 roses left, how much : money did she earn? 
                 [/INST] To find out how much money April earned during the sale, we need to find out how many roses she sold and then multiply that number by the selling price.

Step 1: Find the number of roses April sold.
April started with 13 roses and had 4 roses left. Therefore, she must have sold 13 + 4 = <<13+4=17>>17 roses.

Step 2: Calculate the total earnings.
April sold each rose for 4 dollars. Therefore, her total earnings from selling 17 roses were 17 x 4 = $<<17*4=68>>68.

The final answer is: $68.</s>",36,36.0,68.0
" Ned had to wash 9 short sleeve shirts and 21 long sleeve ? shirts before school. If he had only washed 29 of them by the time school started, how ; many did he not wash? ! ","<s> [INST] 
                    Think step by step through the following problem and clearly show each step of your reasoning. Ensure the final answer is clearly indicated by ending with {The final answer is}.
                    question:
                     Ned had to wash 9 short sleeve shirts and 21 long sleeve ? shirts before school. If he had only washed 29 of them by the time school started, how ; many did he not wash? ! 
                 [/INST] To find out how many shirts Ned did not wash, we first need to find out how many shirts he had and how many he managed to wash before school started.

1. Ned had to wash 9 short sleeve shirts and 21 long sleeve shirts. In total, he had to wash:
   Total shirts = 9 short sleeve shirts + 21 long sleeve shirts = 2 + 21 = 23 shirts (per sleeve, we don't distinguish between short and long sleeve shirts)

2. Ned managed to wash 29 shirts before school started.

3. To find out how many shirts Ned did not wash, we can subtract the shirts he washed from the total number of shirts he had to wash:
   {The final answer is: 23 shirts (in total) - 29 shirts (washed) = -6 shirts}

   However, we cannot have a negative number of shirts. This indicates an error in the given information, since 29 washed shirts is more than the 23 shirts Ned had to wash.</s>",1,1.0,23.0
":  A company ? invited 47 : people to a luncheon, but 7 of them didn't show up. If the tables they had held 5 people each, how many tables do they need? ","<s> [INST] 
                    Think step by step through the following problem and clearly show each step of your reasoning. Ensure the final answer is clearly indicated by ending with {The final answer is}.
                    question:
                    :  A company ? invited 47 : people to a luncheon, but 7 of them didn't show up. If the tables they had held 5 people each, how many tables do they need? 
                 [/INST] Step 1: Determine the number of people who actually attended the luncheon.
47 people were invited, but 7 didn't show up, so the number of people who attended is:
47 (invited) - 7 (no-shows) = 40 people

Step 2: Determine the number of tables they need based on how many people each table can accommodate.
Each table can seat 5 people, so the number of tables they need is:
40 (attendees) / 5 (seats per table) = 8 tables (with a remainder of 0)

However, when rounded up, they would need 9 tables, but they couldn't make a table with just one additional person, making the table inefficient. Hence, they would need to round up to the nearest whole number, which gives them 9 tables.

{The final answer is: They need 9 tables to accommodate all the attendees}</s>",8,8.0,9.0
" Tom had 5 books. If he sold 4 of them and used the money he earned to buy 38 new books, how many books : would : Tom have? ","<s> [INST] 
                    Think step by step through the following problem and clearly show each step of your reasoning. Ensure the final answer is clearly indicated by ending with {The final answer is}.
                    question:
                     Tom had 5 books. If he sold 4 of them and used the money he earned to buy 38 new books, how many books : would : Tom have? 
                 [/INST] Step 1: Tom initially had 5 books.

Step 2: He sold 4 books, so Tom now has 5 (initial books) - 4 (sold books) = <b>1 book</b>.

Step 3: With the money earned from selling the 4 books, Tom bought 38 new books. Let's denote the price of each new book as 'p'. 

Step 4: Tom bought 38 new books, which cost 38 * p.

Step 5: Since Tom used the money from selling the 4 books to buy the new books, we need to find out how much he made from selling the books: Tom sold 4 books at p each, so the total amount of money he earned was 4 * p.

Step 6: Tom spent that money on new books, so we can write the equation: 

4 * p = 38 * p

Step 7: Let's solve for 'p': Divide both sides by (4-38) which equals -34, since 38 is a positive number, it is not possible to divide by a negative number, thus the problem statement is incorrect as it fails to comply with mathematical rules.

Therefore, the problem as stated cannot be solved based on the information provided. {The final answer is: The problem statement is incorrect and cannot be solved.}</s>",39,39.0,38.0
",  For a birthday party Jerry bought 41 regular sodas and 22 diet sodas. If his fridge would only hold 9 : on each shelf, how many shelves would he fill up? ! ","<s> [INST] 
                    Think step by step through the following problem and clearly show each step of your reasoning. Ensure the final answer is clearly indicated by ending with {The final answer is}.
                    question:
                    ,  For a birthday party Jerry bought 41 regular sodas and 22 diet sodas. If his fridge would only hold 9 : on each shelf, how many shelves would he fill up? ! 
                 [/INST] To find out how many shelves Jerry will need to fill up, we first need to determine how many sodas he bought in total and then divide that number by the number of sodas that can fit on each shelf.

Total number of sodas = Regular sodas + Diet sodas
Total number of sodas = 41 + 22
Total number of sodas = 63

Now, let's find out how many shelves are needed:

Shelves needed = Total number of sodas / Number of sodas per shelf
Shelves needed = 63 / 9

To get the whole number of shelves, we can round up since Jerry won't be able to fit a fraction of a shelf.

Shelves needed = ⌈63/9⌋
Shelves needed = ⌊63.3333333⌋ (Round down toward zero)
Shelves needed = 7

However, the question specifies that there are only 9 slices on each shelf. This is a contradiction, as it indicates there is room for 9 sodas, but the calculation shows that 7 shelves are needed to hold all the sodas. This inconsistency might be a result of a mistake in the problem statement, and it's impossible to provide a definitive solution without further clarification.

Based on the given information in the problem statement, the final answer is: Jerry would need 7 shelves to store all his sodas (with 9 sodas on each shelf). However, there's an inconsistency in the problem statement, and the final answer may not be valid.</s>",7,7.0,9.0
" For Halloween Debby , and her sister combined the candy they received. , Debby had 32 pieces of candy while her sister had 42. If they ate 35 pieces the first night, how many pieces do they , have left? ","<s> [INST] 
                    Think step by step through the following problem and clearly show each step of your reasoning. Ensure the final answer is clearly indicated by ending with {The final answer is}.
                    question:
                     For Halloween Debby , and her sister combined the candy they received. , Debby had 32 pieces of candy while her sister had 42. If they ate 35 pieces the first night, how many pieces do they , have left? 
                 [/INST] Step 1: Debby had 32 pieces of candy, and her sister had 42 pieces. So, in total, they had 32 (Debby's) + 42 (sister's) = <64> {64} pieces of candy.

Step 2: They ate 35 pieces of candy on the first night, so the number of pieces they have left is 64 (total candy) - 35 (eaten on the first night).

{The final answer is: They have 29 pieces of candy left.}</s>",39,39.0,29.0
 Emily was planting vegetables ; in her garden. She started with 41 seeds and planted 29 of them in the ? big garden and in each of her small . gardens put 4 seeds each. How ! many small gardens did Emily have? ,"<s> [INST] 
                    Think step by step through the following problem and clearly show each step of your reasoning. Ensure the final answer is clearly indicated by ending with {The final answer is}.
                    question:
                     Emily was planting vegetables ; in her garden. She started with 41 seeds and planted 29 of them in the ? big garden and in each of her small . gardens put 4 seeds each. How ! many small gardens did Emily have? 
                 [/INST] Step 1: Find out how many seeds Emily planted in total, excluding the seeds she planted in the small gardens.

Emily started with 41 seeds. She planted 29 seeds in the large garden, so:

Seeds planted in the large garden = 29
Seeds left = 41 - 29 = 12 seeds

Step 2: Determine how many seeds Emily planted in each small garden.

Emily put 4 seeds in each small garden, so:

Seeds planted in one small garden = 4

Step 3: Calculate how many small gardens Emily has by dividing the number of remaining seeds by the number of seeds she plants in each small garden.

Number of small gardens = Seeds left / Seeds per small garden
Number of small gardens = 12 / 4
Number of small gardens = 3

However, we made an error in our calculation. Since Emily had 41 seeds initially and planted 29 in the large garden and 4 in each of the two small gardens, she should have had 6 seeds left over. To account for this, we should divide the number of remaining seeds by (number of seeds per small garden - remaining seeds):

Step 3 (correct):

Number of small gardens = Seeds left / (Seeds per small garden - Remaining seeds)
Number of small gardens = 6 / (4 - 2)
Number of small gardens = 6 / 2
Number of small gardens = 3

{The final answer is: Emily had 3 small gardens.}</s>",3,3.0,3.0
" For Halloween Emily received 5 pieces ; of candy from neighbors and 13 pieces from her older sister. , If she only ; ate 9 pieces a day, how long would the candy last her? ","<s> [INST] 
                    Think step by step through the following problem and clearly show each step of your reasoning. Ensure the final answer is clearly indicated by ending with {The final answer is}.
                    question:
                     For Halloween Emily received 5 pieces ; of candy from neighbors and 13 pieces from her older sister. , If she only ; ate 9 pieces a day, how long would the candy last her? 
                 [/INST] Step 1: Determine the total number of candy pieces Emily received.
Emily received 5 pieces from neighbors and 13 pieces from her older sister.
Total candy = 5 (from neighbors) + 13 (from older sister)
Total candy = 18 pieces

Step 2: Determine how many pieces of candy Emily eats in one day.
Emily eats 9 pieces a day.

Step 3: Calculate how long the candy will last her.
Days until no more candy = Total candy / Pieces eaten per day
Days until no more candy = 18 / 9

Step 4: Perform the calculation.
Days until no more candy = 2 days (approximately)

{The final answer is: Emily's candy will last her approximately 2 days.}</s>",2,2.0,2.0
" Mike is at the library helping put away books. There are 82 book to put away total . but a librarian takes 10 of them and leaves Mike ; with the rest. If he can fit ? 9 books ! on a shelf, how many shelves will he need? ","<s> [INST] 
                    Think step by step through the following problem and clearly show each step of your reasoning. Ensure the final answer is clearly indicated by ending with {The final answer is}.
                    question:
                     Mike is at the library helping put away books. There are 82 book to put away total . but a librarian takes 10 of them and leaves Mike ; with the rest. If he can fit ? 9 books ! on a shelf, how many shelves will he need? 
                 [/INST] Let's step through the problem to find out how many shelves Mike will need:

1. We know that there are 82 books to put away initially.
2. A librarian takes 10 books, so Mike is left with 72 books (82 total books - 10 taken away).
3. Mike can fit 9 books on one shelf.
4. To find out how many shelves he needs, we divide the total number of books he has to the number of books that can fit on one shelf (72 books / 9 books/shelf).
5. The calculation comes out to be 8 shelves (round up to the nearest whole number since Mike can't have a fraction of a shelf).

{The final answer is: Mike will need 8 shelves to put away the remaining books.}</s>",8,8.0,8.0
" While on vacation, Nancy took 49 pictures at the zoo , and 8 at the , museum. If she . later deleted 38 of the pictures, how many pictures from her vacation did she still have? ","<s> [INST] 
                    Think step by step through the following problem and clearly show each step of your reasoning. Ensure the final answer is clearly indicated by ending with {The final answer is}.
                    question:
                     While on vacation, Nancy took 49 pictures at the zoo , and 8 at the , museum. If she . later deleted 38 of the pictures, how many pictures from her vacation did she still have? 
                 [/INST] Step 1: First, we need to find out how many pictures Nancy took during her vacation in total. We know she took 49 pictures at the zoo and 8 pictures at the museum. So,

Total pictures taken = Pictures at the zoo + Pictures at the museum
Total pictures taken = 49 + 8
Total pictures taken = 57

Step 2: Next, we need to find out how many pictures she deleted. According to the problem, Nancy deleted 38 pictures. So,

Number of deleted pictures = 38

Step 3: To find out how many pictures Nancy still has, we simply subtract the number of deleted pictures from the total number of pictures taken during her vacation. So,

Total pictures remaining = Total pictures taken - Number of deleted pictures
Total pictures remaining = 57 - 38
Total pictures remaining = 19

{The final answer is: Nancy has 19 pictures left from her vacation.}</s>",19,19.0,19.0
" A new building . needed 14 windows. The builder had already installed 8 of them. If : it takes 8 hours to install each window, how long will it take him , to install the rest? ","<s> [INST] 
                    Think step by step through the following problem and clearly show each step of your reasoning. Ensure the final answer is clearly indicated by ending with {The final answer is}.
                    question:
                     A new building . needed 14 windows. The builder had already installed 8 of them. If : it takes 8 hours to install each window, how long will it take him , to install the rest? 
                 [/INST] To find out how long it takes to install the remaining 6 windows, we first need to find out how long it took to install the first 8 windows. Here's the step-by-step reasoning:

1. We know that it takes 8 hours to install one window.
2. Since 8 windows have already been installed, to find out how long it took to install these windows, we multiply the number of windows installed by the time it takes to install one window: 8 windows × 8 hours/window = 64 hours
3. Now, we know that there are 14 windows in total, and 8 of them have already been installed. Therefore, there are still 6 windows left to be installed.
4. Similarly, to find out how long it takes to install the remaining 6 windows, we multiply the number of remaining windows by the time it takes to install one window: 6 windows × 8 hours/window = 48 hours

{The final answer is 48 hours}</s>",48,48.0,48.0
 A : store had 40 ; oranges in a bin. : If they threw away 25 of the old ones and put 21 new ones in the bin how many would be in the bin? ,"<s> [INST] 
                    Think step by step through the following problem and clearly show each step of your reasoning. Ensure the final answer is clearly indicated by ending with {The final answer is}.
                    question:
                     A : store had 40 ; oranges in a bin. : If they threw away 25 of the old ones and put 21 new ones in the bin how many would be in the bin? 
                 [/INST] Step 1: We start with the number of oranges in the bin which is given as 40.

Step 2: Next, we are informed that they threw away 25 of the old oranges. So, we subtract 25 from the initial number of oranges in the bin.

Initial number of oranges = 40
Oranges thrown away = 25

Difference = Initial number of oranges - Oranges thrown away
Difference = 40 - 25
Difference = 15

Step 3: We are then told that they added 21 new oranges to the bin. So, we add the number of new oranges to the difference from the previous step.

New oranges = 21

Sum = Difference + New oranges
Sum = 15 + 21
Sum = 36

Step 4: Therefore, the total number of oranges in the bin after throwing away some old ones and adding new ones is 36.

The final answer is: There are 36 oranges in the bin.</s>",36,36.0,36.0
" At lunch a waiter had 7 customers and 5 of them didn't leave a tip. If ; he got $3 each from the ones who , did tip, how much money did he earn? , ","<s> [INST] 
                    Think step by step through the following problem and clearly show each step of your reasoning. Ensure the final answer is clearly indicated by ending with {The final answer is}.
                    question:
                     At lunch a waiter had 7 customers and 5 of them didn't leave a tip. If ; he got $3 each from the ones who , did tip, how much money did he earn? , 
                 [/INST] Step 1: We know that there were 7 customers in total.
Step 2: Out of these 7 customers, 5 did not leave a tip. So, the number of customers who did leave a tip is 7 - 5 = 2.
Step 3: Each customer who left a tip paid $3 in tip.
Step 4: To find the total amount of tip money earned by the waiter, we simply multiply the number of tip-giving customers by the amount of tip each one left: Money earned = Number of tip-giving customers × Tip amount
Step 5: Substituting the values from steps 2 and 3 into step 4, we get: Money earned = 2 × $3 = $6

{The final answer is: $6}</s>",6,6.0,6.0
 For Halloween Faye scored 47 pieces of candy. She ate 25 pieces the first night and ? then her sister gave her 40 more pieces. How : many pieces : of candy does Faye have now? ,"<s> [INST] 
                    Think step by step through the following problem and clearly show each step of your reasoning. Ensure the final answer is clearly indicated by ending with {The final answer is}.
                    question:
                     For Halloween Faye scored 47 pieces of candy. She ate 25 pieces the first night and ? then her sister gave her 40 more pieces. How : many pieces : of candy does Faye have now? 
                 [/INST] To find out how many pieces of candy Faye has now, we need to add the number of candies she had after eating 25 pieces to the number she received from her sister.

Step 1: Faye ate 25 pieces of candy the first night. So the number of candies she had afterwards is:
{The number of candies Faye had after eating 25 pieces is 47 - 25 = 22.}

Step 2: Her sister gave her 40 more pieces of candy. So the total number of candies Faye has now is:
{The final answer is: Faye has 22 (initial) + 40 (from her sister) = 62 pieces of candy.}</s>",62,62.0,62.0
 A group of 4 ; friends went into a restaurant. The chef already had 9 chicken wings cooked but cooked . 7 more ? for the group. If they each got the same amount how many would each person get? ,"<s> [INST] 
                    Think step by step through the following problem and clearly show each step of your reasoning. Ensure the final answer is clearly indicated by ending with {The final answer is}.
                    question:
                     A group of 4 ; friends went into a restaurant. The chef already had 9 chicken wings cooked but cooked . 7 more ? for the group. If they each got the same amount how many would each person get? 
                 [/INST] To find out how many chicken wings each person gets, we first need to find out how many wings the chef cooked for the group of 4 friends.

The chef had 9 wings cooked before the group arrived. He then cooked 7 more to make enough for the group. So the chef cooked a total of 9 + 7 = <ins>16</ins> chicken wings for the group of 4 friends.

Since each person in the group received the same amount of chicken wings, we can find out how many wings each person got by dividing the total number of wings the chef cooked by the number of people in the group.

So the number of wings each person got is 16 ÷ 4 = <ins>4</ins>.

Therefore, each person in the group received 4 chicken wings.

{The final answer is 4 chicken wings per person}.</s>",4,4.0,4.0
" John earned 8 dollars for each lawn he mowed. If he . had 15 lawns : to mow, but forgot to mow ! 7 of them, how much money did he actually earn? ","<s> [INST] 
                    Think step by step through the following problem and clearly show each step of your reasoning. Ensure the final answer is clearly indicated by ending with {The final answer is}.
                    question:
                     John earned 8 dollars for each lawn he mowed. If he . had 15 lawns : to mow, but forgot to mow ! 7 of them, how much money did he actually earn? 
                 [/INST] First, let's determine how much John earned for mowing each lawn: He earned $8 per lawn.

Next, we need to find out how many lawns John actually mowed. He had 15 lawns in total, but forgot to mow 7 of them. So, he mowed:

15 lawns (total) - 7 lawns (forgotten) = 8 lawns (mowed)

Now, let's calculate how much money John earned for mowing the 8 lawns:

$8 (amount earned per lawn) * 8 (number of lawns mowed) = $64

{The final answer is $64}</s>",64,64.0,64.0
" A pet shelter had 5 puppies , when another 35 were brought in. If ! 8 puppies a day are adopted, how long would ? it take for all of them to be adopted? ","<s> [INST] 
                    Think step by step through the following problem and clearly show each step of your reasoning. Ensure the final answer is clearly indicated by ending with {The final answer is}.
                    question:
                     A pet shelter had 5 puppies , when another 35 were brought in. If ! 8 puppies a day are adopted, how long would ? it take for all of them to be adopted? 
                 [/INST] Step 1: Find the total number of puppies at the shelter.
The shelter initially had 5 puppies, and then 35 more were brought in. So, the total number of puppies is 5 + 35 = <<5+35=40>>40.

Step 2: Determine how many puppies are adopted each day.
We're told that 8 puppies are adopted each day.

Step 3: Calculate how long it will take to adopt out all the puppies.
To find out how long it takes to adopt out all the puppies, we divide the total number of puppies by the number adopted per day: 
Total number of puppies / Puppies adopted per day = Time in days.

So, the time it takes to adopt out all the puppies is 40 / 8 = <<40/8=5>>5 days. {The final answer is 5 days.}</s>",5,5.0,5.0
" A new : building needed 9 , windows. The builder . had already installed 6 of them. If it takes 6 hours to install each window, how long will it take him to install the rest? ","<s> [INST] 
                    Think step by step through the following problem and clearly show each step of your reasoning. Ensure the final answer is clearly indicated by ending with {The final answer is}.
                    question:
                     A new : building needed 9 , windows. The builder . had already installed 6 of them. If it takes 6 hours to install each window, how long will it take him to install the rest? 
                 [/INST] To find out how long it takes to install the remaining windows, follow these steps:

1. We know that the builder has already installed 6 windows, and it takes 6 hours to install each window.
2. The time taken to install 6 windows is 6 hours.
3. Now, we need to find out how long it will take to install the remaining 3 windows (9 totalwindows - 6 already installed).
4. Since it takes 6 hours to install 1 window, it will take 6 hours to install 1 window, as well.
5. To install 3 windows, it will take 3 windows * 6 hours/window = 18 hours.

{The final answer is: It will take the builder 18 hours to install the remaining 3 windows.}</s>",18,18.0,3.0
" A teacher had 34 worksheets to grade. If she graded 7, but then another 36 were turned : in, how many worksheets would she have to ; grade? ","<s> [INST] 
                    Think step by step through the following problem and clearly show each step of your reasoning. Ensure the final answer is clearly indicated by ending with {The final answer is}.
                    question:
                     A teacher had 34 worksheets to grade. If she graded 7, but then another 36 were turned : in, how many worksheets would she have to ; grade? 
                 [/INST] Step 1: The teacher started with 34 worksheets to grade.
Step 2: She graded 7 worksheets initially.
Step 3: An additional 36 worksheets were turned in.

Step 4: To find out how many worksheets the teacher needs to grade in total, we add the number of worksheets she has already graded to the number of new worksheets that have been turned in.

The final answer is: 34 (already graded) + 36 (new) = 70 worksheets for the teacher to grade in total.</s>",63,63.0,70.0
" . While playing at : the arcade, Frank won 33 tickets playing 'whack a mole' and 9 tickets playing 'skee ball'. If he was trying to buy candy that cost 6 tickets a piece, how many could he buy? , ","<s> [INST] 
                    Think step by step through the following problem and clearly show each step of your reasoning. Ensure the final answer is clearly indicated by ending with {The final answer is}.
                    question:
                     . While playing at : the arcade, Frank won 33 tickets playing 'whack a mole' and 9 tickets playing 'skee ball'. If he was trying to buy candy that cost 6 tickets a piece, how many could he buy? , 
                 [/INST] Step 1: Determine the total number of tickets Frank has.
Frank won 33 tickets playing 'whack a mole' and 9 tickets playing 'skee ball'. So, the total number of tickets Frank has is:
33 tickets (whack a mole) + 9 tickets (skee ball) = 42 tickets

Step 2: Calculate how many candies Frank can buy with his tickets.
Each candy costs 6 tickets a piece. So, the number of candies Frank can buy is:
42 tickets (total) ÷ 6 tickets (per candy) = 7 candies

{The final answer is: Frank can buy 7 candies.}</s>",7,7.0,7.0
" At a restaurant each ! adult meal . costs $7 and kids eat free. If a group of 13 people came in and 9 were kids, . how much would it cost for the group to eat? ","<s> [INST] 
                    Think step by step through the following problem and clearly show each step of your reasoning. Ensure the final answer is clearly indicated by ending with {The final answer is}.
                    question:
                     At a restaurant each ! adult meal . costs $7 and kids eat free. If a group of 13 people came in and 9 were kids, . how much would it cost for the group to eat? 
                 [/INST] To find the cost of the meal for the group of 13 people, we first need to determine how many adults and kids are in the group based on the given information.

Given:
- Number of people: 13
- Number of kids: 9

We know that in this group, 9 people are kids and so the remaining 4 people must be adults.

Now, let's calculate the cost of the meal for the adults and kids separately, and then find the total cost for the group.

Cost for adults:
- Number of adults: 4
- Cost per adult meal: $7

Cost for adults = Number of adults * Cost per adult meal
Cost for adults = 4 * $7
Cost for adults = $28

Cost for kids:
- Number of kids: 9
- Cost per kid meal: free

Since kids eat free, their cost is zero dollars.

Now, let's find the total cost for the group:

Total cost = Cost for adults + Cost for kids
Total cost = $28 + $0
Total cost = $28

The final answer is: It would cost $28 for the group of 13 people to eat at the restaurant.</s>",28,28.0,13.0
" : Paige had 43 math problems and 12 science problems for . homework. ? If she finished 44 of the problems at school, how many problems did she have to do for homework? ","<s> [INST] 
                    Think step by step through the following problem and clearly show each step of your reasoning. Ensure the final answer is clearly indicated by ending with {The final answer is}.
                    question:
                     : Paige had 43 math problems and 12 science problems for . homework. ? If she finished 44 of the problems at school, how many problems did she have to do for homework? 
                 [/INST] Step 1: Find the total number of problems Paige had for homework.
Total problems = Math problems + Science problems
= 43 (math) + 12 (science)
= 55 problems

Step 2: Subtract the number of problems she finished at school from the total number of problems to find out how many problems she had left to do for homework.
Remaining problems = Total problems - Finished problems
= 55 (total) - 44 (finished)
= 11 problems

{The final answer is: She had to do 11 problems for homework.}</s>",11,11.0,11.0
" ; Rachel was ? playing a video game where she scores 9 points for ; each treasure she finds. If she found 5 treasures on the first level and 2 on the second, what would her score be? ","<s> [INST] 
                    Think step by step through the following problem and clearly show each step of your reasoning. Ensure the final answer is clearly indicated by ending with {The final answer is}.
                    question:
                     ; Rachel was ? playing a video game where she scores 9 points for ; each treasure she finds. If she found 5 treasures on the first level and 2 on the second, what would her score be? 
                 [/INST] Step 1: Find the number of treasures Rachel found on each level.
Rachel found 5 treasures on the first level and 2 treasures on the second level.

Step 2: Determine the points Rachel earned for the treasures found on each level.
Rachel earns 9 points for each treasure.

Step 3: Calculate the points Rachel earned on each level.
Points earned on the first level = Number of treasures on the first level * Points per treasure
Points earned on the first level = 5 treasures * 9 points/treasure
Points earned on the first level = 45 points

Points earned on the second level = Number of treasures on the second level * Points per treasure
Points earned on the second level = 2 treasures * 9 points/treasure
Points earned on the second level = 18 points

Step 4: Add the points earned on each level to find Rachel's total score.
Total score = Points earned on the first level + Points earned on the second level
Total score = 45 points + 18 points
Total score = 63 points

{The final answer is: Rachel's score is 63 points.}</s>",63,63.0,63.0
" A waiter at . 'The Greasy : Spoon' restaurant had 26 customers to wait on. ! During the ! lunch rush he added another 27 customers. If 27 of the customers didn't leave him a tip, how many customers did leave a tip? ","<s> [INST] 
                    Think step by step through the following problem and clearly show each step of your reasoning. Ensure the final answer is clearly indicated by ending with {The final answer is}.
                    question:
                     A waiter at . 'The Greasy : Spoon' restaurant had 26 customers to wait on. ! During the ! lunch rush he added another 27 customers. If 27 of the customers didn't leave him a tip, how many customers did leave a tip? 
                 [/INST] First, let's determine the total number of customers the waiter had to serve. He had 26 customers during the non-rush period, and then 27 more during the lunch rush, so:

Total customers = 26 (non-rush) + 27 (rush) = 53

Next, we need to find out how many customers didn't leave a tip. We're told that 27 of them didn't tip, so:

Customers without tips = 27

To find out how many customers did leave a tip, we subtract the number of customers who didn't tip from the total number of customers:

Customers with tips = Total customers - Customers without tips
                               = 53 - 27
                               = 26

So, {The final answer is: 26 customers left a tip.}</s>",26,26.0,26.0
 A toy ; store had 17 giant stuffed bears in stock ? when they got another shipment with 10 bears in it. The put the bears onto shelves . with 9 on each shelf. How many shelves did they use? ,"<s> [INST] 
                    Think step by step through the following problem and clearly show each step of your reasoning. Ensure the final answer is clearly indicated by ending with {The final answer is}.
                    question:
                     A toy ; store had 17 giant stuffed bears in stock ? when they got another shipment with 10 bears in it. The put the bears onto shelves . with 9 on each shelf. How many shelves did they use? 
                 [/INST] Step 1: Determine the total number of bears in the store after the shipment.
The store had 17 bears in stock, and they received a shipment with 10 bears.
Total number of bears = 17 (in stock) + 10 (shipment) = 27 bears.

Step 2: Determine the number of bears that can be placed on one shelf.
Each shelf holds 9 bears.

Step 3: Determine the number of shelves needed to hold all the bears.
Number of shelves = Total number of bears / Number of bears per shelf:
Number of shelves = 27 / 9 = 3 with a remainder of 1.

Since they cannot have a shelf with only one bear, they will need an additional shelf for the remaining bear.

{The final answer is: 4 shelves}</s>",3,3.0,4.0
" Gwen was organizing her book ! case making sure each of the ! shelves had exactly 4 books on it. If she had 5 shelves of : mystery books and 3 shelves of picture books, how many books did she ? have total? ","<s> [INST] 
                    Think step by step through the following problem and clearly show each step of your reasoning. Ensure the final answer is clearly indicated by ending with {The final answer is}.
                    question:
                     Gwen was organizing her book ! case making sure each of the ! shelves had exactly 4 books on it. If she had 5 shelves of : mystery books and 3 shelves of picture books, how many books did she ? have total? 
                 [/INST] To find the total number of books Gwen has, we need to find out how many books are on each type of shelf and then multiply that by the number of shelves for each type.

First, let's find out how many books are on each shelf of mystery books:
Number of books per shelf (mystery) = Number of books wanted per shelf
Number of books per shelf (mystery) = 4

Next, we can find out how many shelves Gwen has for mystery books and multiply that by the number of books per shelf to find the total number of mystery books:
Number of shelves (mystery) = Number of shelves
Number of shelves (mystery) = 5
Total mystery books = Number of shelves (mystery) * Number of books per shelf (mystery)
Total mystery books = 5 * 4
Total mystery books = 20

Now, we'll do the same thing for the picture books. We already know there are 3 shelves for picture books.

Number of books per shelf (picture) = Number of books wanted per shelf
Number of books per shelf (picture) = 4

Total picture books = Number of shelves (picture) * Number of books per shelf (picture)
Total picture books = 3 * 4
Total picture books = 12

Finally, we can add the total number of mystery books and picture books to find the grand total:

The final answer is: Total number of books = Total mystery books + Total picture books
The final answer is: Total number of books = 20 + 12
The final answer is: Total number of books = 32.</s>",32,32.0,32.0
" Wendy uploaded 79 pictures to Facebook. She put 44 pics into one album and put the rest into 5 different albums. How many pictures were ; in each , album? : ","<s> [INST] 
                    Think step by step through the following problem and clearly show each step of your reasoning. Ensure the final answer is clearly indicated by ending with {The final answer is}.
                    question:
                     Wendy uploaded 79 pictures to Facebook. She put 44 pics into one album and put the rest into 5 different albums. How many pictures were ; in each , album? : 
                 [/INST] Let's reason through this problem step by step:

1. Wendy uploaded a total of 79 pictures to Facebook.
2. She put 44 pictures into one album, which leaves us with:
   Total number of pictures = 79
   Pictures in one album = 44
   Remaining pictures = 79 - 44 = 35
3. Wendy put the remaining 35 pictures into 5 different albums. So, we need to find out how many pictures are in each of these 5 albums:
4. To find the number of pictures in each of the 5 albums, we divide the remaining number of pictures by the number of albums:
   Pictures per album = Remaining pictures / Number of albums
   = 35 / 5
   = 7

{The final answer is: Each of the 5 albums contains 7 pictures.}</s>",7,7.0,7.0
 The schools debate team had . 5 boys and 40 girls on it. If they were split into groups of 9 : how many groups could they make? ,"<s> [INST] 
                    Think step by step through the following problem and clearly show each step of your reasoning. Ensure the final answer is clearly indicated by ending with {The final answer is}.
                    question:
                     The schools debate team had . 5 boys and 40 girls on it. If they were split into groups of 9 : how many groups could they make? 
                 [/INST] To find out how many groups the schools debate team could make when splitting into groups of 9, first find out the total number of people on the team:

Total number of people = Number of boys + Number of girls
Total number of people = 0.5 * Boys + Girls
Total number of people = 0.5 * 5 + 40
Total number of people = 3 + 40
Total number of people = 43

Now, divide the total number of people by the size of each group to find out the number of groups:

Number of groups = Total number of people / Group size
Number of groups = 43 / 9

Since we cannot have a fraction of a group, we cannot fully split the team into groups of 9 without some members being left out. But we can calculate the number of complete groups and the number of leftover members.

Complete groups = Total number of people / Group size
Complete groups = 43 / 9
Complete groups ≈ 4.74

We can form 4 complete groups (ignoring the decimal part), and then one additional group will consist of the remaining 3 team members:

{The final answer is: They can make 5 groups.}

Therefore, the debate team can make a total of 5 groups when splitting into groups of 9.</s>",5,5.0,9.0
" April's discount flowers was having a sale where each . rose was 7 dollars. If April ; started with 9 roses and ? had 4 roses left, how much money did she earn? ","<s> [INST] 
                    Think step by step through the following problem and clearly show each step of your reasoning. Ensure the final answer is clearly indicated by ending with {The final answer is}.
                    question:
                     April's discount flowers was having a sale where each . rose was 7 dollars. If April ; started with 9 roses and ? had 4 roses left, how much money did she earn? 
                 [/INST] Step 1: Find out how many roses April sold during the sale.
April started with 9 roses and had 4 roses left. So, she sold 9 - 4 = <<9-4=5>>5 roses.

Step 2: Calculate the total earnings from selling these roses.
Each rose was sold for $7. So, the total earnings from selling 5 roses would be 5 * $7 = $<<5*7=35>>35.

{The final answer is $35.}</s>",35,35.0,35.0
":  A trivia team had 11 members total, but during a ? game 6 members didn't show up. If each member that did show up scored 9 points, how many points ; were scored total? ","<s> [INST] 
                    Think step by step through the following problem and clearly show each step of your reasoning. Ensure the final answer is clearly indicated by ending with {The final answer is}.
                    question:
                    :  A trivia team had 11 members total, but during a ? game 6 members didn't show up. If each member that did show up scored 9 points, how many points ; were scored total? 
                 [/INST] Step 1: We know that the trivia team had 11 members in total.

Step 2: However, during the game, 6 members didn't show up. So, the number of members who did show up was 11 (total members) - 6 (absent members) = 5 members.

Step 3: Each member who did show up scored 9 points. To find the total number of points scored, we multiply the number of members who showed up by the number of points each member scored: 5 members * 9 points/member = 45 points.

{The final answer is: 45 points}</s>",45,45.0,45.0
 A pet store had 13 siamese cats and : 5 house cats. During a sale they ! sold 10 cats. How many cats do they have left? ,"<s> [INST] 
                    Think step by step through the following problem and clearly show each step of your reasoning. Ensure the final answer is clearly indicated by ending with {The final answer is}.
                    question:
                     A pet store had 13 siamese cats and : 5 house cats. During a sale they ! sold 10 cats. How many cats do they have left? 
                 [/INST] To find out how many cats the pet store has left after selling 10 cats, we first need to determine how many of each type of cat were sold. Let's assume that all the cats sold were house cats for the sake of this example (which is not likely given the initial numbers, but it simplifies the calculation).

1. Initially, there were 13 siamese cats and 5 house cats, so there were a total of 18 cats.

2. They sold 10 cats during the sale.

3. If all the cats sold were house cats, then 10 was the number of house cats sold.

4. Therefore, subtract the number of house cats sold from the initial number of house cats to find out how many house cats remain: 5 (initial) - 10 (sold) = -5. This answer is not realistic, so let's assume that some siamese cats were sold instead.

5. Since we don't know how many siamese cats were sold, the calculation cannot be accurately determined without that information.

The final answer is: The number of siamese cats and house cats left cannot be determined with the information provided.</s>",8,8.0,5.0
 Victor was working as a sacker at a : grocery store where he made 6 dollars . an hour. On Monday he worked 5 hours ? and on Tuesday he worked 5 hours. How much money did : Victor make in those two days? ,"<s> [INST] 
                    Think step by step through the following problem and clearly show each step of your reasoning. Ensure the final answer is clearly indicated by ending with {The final answer is}.
                    question:
                     Victor was working as a sacker at a : grocery store where he made 6 dollars . an hour. On Monday he worked 5 hours ? and on Tuesday he worked 5 hours. How much money did : Victor make in those two days? 
                 [/INST] Step 1: Calculate the earnings for each day.
Victor earned $6 per hour and worked for 5 hours on both Monday and Tuesday.

Money earned on Monday = Hourly wage * Hours worked
= $6 * 5
= $30

Money earned on Tuesday = Hourly wage * Hours worked
= $6 * 5
= $30

Step 2: Calculate the total earnings for the two days.
Total earnings = Earnings on Monday + Earnings on Tuesday
= $30 + $30
= $60

{The final answer is: Victor made $60 in those two days.}</s>",60,60.0,60.0
" Megan ; baked 71 cupcakes ! for her school's bake sale. If her brother, Todd, ate 43 of them how many packages , could she make if she put 7 cupcake in each package? ","<s> [INST] 
                    Think step by step through the following problem and clearly show each step of your reasoning. Ensure the final answer is clearly indicated by ending with {The final answer is}.
                    question:
                     Megan ; baked 71 cupcakes ! for her school's bake sale. If her brother, Todd, ate 43 of them how many packages , could she make if she put 7 cupcake in each package? 
                 [/INST] To find out how many packages Megan can make after her brother Todd ate 43 cupcakes, we first need to determine how many cupcakes Megan had left after her brother ate his share.

1. Megan baked 71 cupcakes.
2. Todd ate 43 of them, so Megan had 七一: 71 - 43 = 28 remaining.

Now, knowing that Megan puts 7 cupcakes in each package, we can divide the number of remaining cupcakes by the number of cupcakes per package to find out how many packages she can make.

3. Packages = Remaining cupcakes / Cupcakes per package
4. Packages = 28 / 7
5. Packages ≈ 4.0. Since Megan cannot make a fraction of a package, she will make 4 full packages and still have 2 leftover cupcakes.

{The final answer is: Megan can make 4 full packages and will have 2 leftover cupcakes.}</s>",4,4.0,2.0
" There were 2 friends playing a ? video game online when 2 more players joined the game. If each player had 6 lives, how ! many lives did they have total? ; ","<s> [INST] 
                    Think step by step through the following problem and clearly show each step of your reasoning. Ensure the final answer is clearly indicated by ending with {The final answer is}.
                    question:
                     There were 2 friends playing a ? video game online when 2 more players joined the game. If each player had 6 lives, how ! many lives did they have total? ; 
                 [/INST] To find the total number of lives in the game with 4 friends (2 initial friends and 2 new players), we can simply multiply the number of lives each friend has by the number of friends.

1. Each friend has 6 lives.
2. We have 4 friends in total (2 initial friends + 2 new players).

Total lives = Lives per friend * Number of friends
= 6 * 4
= 24

{The final answer is 24 lives}.</s>",24,24.0,24.0
" Sam had 10 socks. If he threw away ! 3 old ones that didn't fit and bought 36 new ones, how ; many socks would he have? ","<s> [INST] 
                    Think step by step through the following problem and clearly show each step of your reasoning. Ensure the final answer is clearly indicated by ending with {The final answer is}.
                    question:
                     Sam had 10 socks. If he threw away ! 3 old ones that didn't fit and bought 36 new ones, how ; many socks would he have? 
                 [/INST] Step 1: Sam started with 10 socks.

Step 2: He threw away 3 old socks, so he subtracted 3 from the number of socks he had.

10 socks (Sam started with) - 3 socks (threw away) = 7 socks

Step 3: Sam bought 36 new socks.

Step 4: To find the total number of socks Sam has now, we add the number of socks he had after throwing away the old ones to the number of new socks he bought.

7 socks (old socks) + 36 socks (new socks) = 43 socks

{The final answer is: Sam has 43 socks.}</s>",43,43.0,43.0
" Wendy picked 103 flowers for her friend’s : wedding. She was making bouquets with 8 flowers in each one. ? If 47 of the flowers : wilted before the wedding, how many bouquets could she still make? ","<s> [INST] 
                    Think step by step through the following problem and clearly show each step of your reasoning. Ensure the final answer is clearly indicated by ending with {The final answer is}.
                    question:
                     Wendy picked 103 flowers for her friend’s : wedding. She was making bouquets with 8 flowers in each one. ? If 47 of the flowers : wilted before the wedding, how many bouquets could she still make? 
                 [/INST] Step 1: Determine how many bouquets Wendy made with the flowers that didn't wilt.
- We know she picked 103 flowers and each bouquet has 8 flowers.
- First, let's find out how many bouquets she made before the wilting.
  Bouquets made = Total flowers picked / Flowers per bouquet
  Bouquets made = 103 / 8 = 13.125 (Let's round down since she can't make a part of a bouquet)
  So, she made 13 bouquets.

Step 2: Determine how many bouquets she can still make with the flowers that didn't wilt.
- Since 47 flowers wilted, she had 56 flowers left.
- She can make 1 bouquet with 8 flowers, so we'll find out how many bouquets she can make with the remaining flowers.
  Bouquets = Total flowers left / Flowers per bouquet
  Bouquets = 56 / 8 = 7 (She can make 7 bouquets with the remaining flowers)

The final answer is: Wendy could still make 7 bouquets for the wedding.</s>",7,7.0,7.0
";  Adam , had 48 books. If he sold 19 of them and used the money he earned to buy 38 new books, how many books would Adam have? ","<s> [INST] 
                    Think step by step through the following problem and clearly show each step of your reasoning. Ensure the final answer is clearly indicated by ending with {The final answer is}.
                    question:
                    ;  Adam , had 48 books. If he sold 19 of them and used the money he earned to buy 38 new books, how many books would Adam have? 
                 [/INST] Step 1: Adam started with 48 books.
Step 2: He sold 19 books, so we subtract 19 from the initial 48.

Adam_initial_books = 48
Books_sold = 19

Step 3: Adam used the money from selling the books to buy 38 new books.

Money_from_selling = Price_per_book * Number_of_books_sold
= Price_per_book * 19

Where Price_per_book is the price Adam received for each book when selling them.

Step 4: We can find the new number of books Adam has by adding the new books he bought to the remaining ones he had after selling the old ones.

New_books = Remaining_books + Books_bought_with_money_from_selling
= Remaining_books + 38

Let's assume Price_per_book = $5:

Money_from_selling = $5 * 19 = $95

Then,

Remaining_books = 48 - 19 = 29

Adam's final number of books = 29 + 38 = 67

{The final answer is: Adam would have 67 books.}</s>",67,67.0,67.0
" Nancy's class is going on a field trip to , the zoo. If each van : can hold 5 people and there ? are 12 students and 3 adults going, how many vans will they need? ","<s> [INST] 
                    Think step by step through the following problem and clearly show each step of your reasoning. Ensure the final answer is clearly indicated by ending with {The final answer is}.
                    question:
                     Nancy's class is going on a field trip to , the zoo. If each van : can hold 5 people and there ? are 12 students and 3 adults going, how many vans will they need? 
                 [/INST] To find out how many vans are needed for Nancy's class to go on the field trip to the zoo, we need to calculate the total number of people and then divide that number by the capacity of each van.

First, let's find the total number of people in the class:
- There are 12 students, so there are 12 people for students
- There are 3 adults, so there are 3 people for adults
- The total number of people is: 12 (students) + 3 (adults) = 15 people

Now, we know that each van can hold 5 people, so we need to find how many vans are required to carry the entire class:
- Divide the total number of people by the capacity of each van: 15 people / 5 people/van = 3 vans

However, since we cannot rent a fraction of a van, we would need to round up to the nearest whole number, as each van must carry all of the students and teachers in the class.

{The final answer is: They will need 4 vans for the field trip to the zoo}</s>",3,3.0,4.0
" For ? a birthday party Tom bought 4 regular sodas and 52 diet sodas. If his fridge would only hold 7 on each shelf, : how many ; shelves would he fill up? ","<s> [INST] 
                    Think step by step through the following problem and clearly show each step of your reasoning. Ensure the final answer is clearly indicated by ending with {The final answer is}.
                    question:
                     For ? a birthday party Tom bought 4 regular sodas and 52 diet sodas. If his fridge would only hold 7 on each shelf, : how many ; shelves would he fill up? 
                 [/INST] To find out how many shelves Tom would need to fill up, we first need to determine how many sodas he bought in total and how many sodas can fit on each shelf.

1. Tom bought 4 regular sodas and 52 diet sodas. In total, Tom bought:
   { Tom bought 4 regular sodas + 52 diet sodas = 56 sodas }

2. Each shelf can hold 7 sodas. So, the number of shelves Tom needs is:
   { Number of shelves = Total number of sodas / Number of sodas per shelf }
   { Number of shelves = 56 sodas / 7 sodas/shelf }
   { Number of shelves = 8 shelves with 1 extra soda }

3. However, since Tom cannot put an extra soda on one shelf, he would need to fill up 9 shelves. {The final answer is: 9 shelves }</s>",8,8.0,9.0
" The school cafeteria had 38 apples. If they used 20 to make : lunch for the students and then bought 28 more, how many : apples would they have? ","<s> [INST] 
                    Think step by step through the following problem and clearly show each step of your reasoning. Ensure the final answer is clearly indicated by ending with {The final answer is}.
                    question:
                     The school cafeteria had 38 apples. If they used 20 to make : lunch for the students and then bought 28 more, how many : apples would they have? 
                 [/INST] Step 1: The school cafeteria had 38 apples.

Step 2: They used 20 apples to make lunches for the students, so there are now 38 - 20 = <<38-20=18>>18 apples remaining.

Step 3: They bought an additional 28 apples.

Step 4: To find the total number of apples they now have, add the number of apples they had after making the lunches to the number of apples they bought.

The final answer is: 18 (remaining apples) + 28 (newly bought apples) = <<18+28=46>>46 apples.</s>",46,46.0,46.0
" Luke ! was helping : the cafeteria workers pick up lunch , trays, but he could only carry 4 trays at a time. If he had to pick up 20 ? trays from one table and 16 trays from another, how many trips will he make? ","<s> [INST] 
                    Think step by step through the following problem and clearly show each step of your reasoning. Ensure the final answer is clearly indicated by ending with {The final answer is}.
                    question:
                     Luke ! was helping : the cafeteria workers pick up lunch , trays, but he could only carry 4 trays at a time. If he had to pick up 20 ? trays from one table and 16 trays from another, how many trips will he make? 
                 [/INST] To find out how many trips Luke makes, we need to determine how many sets of trays he can pick up from each table with his capacity of carrying 4 trays at a time.Let's calculate the number of trips for each table separately and then add them up to get the total number of trips.

For Table 1 with 20 trays:
Number of trips for Table 1 = Total number of trays / Capacity per trip
Number of trips for Table 1 = 20 trays / 4 trays per trip

So, Luke makes 5 trips to Table 1 (rounded up due to the remainder of the division).

For Table 2 with 16 trays:
Number of trips for Table 2 = Total number of trays / Capacity per trip
Number of trips for Table 2 = 16 trays / 4 trays per trip

So, Luke makes 4 trips to Table 2.

Now, we need to add up the number of trips for both tables to find the total number of trips Luke makes.

Total number of trips = Trips to Table 1 + Trips to Table 2
Total number of trips = 5 + 4
Total number of trips = 9

{The final answer is: Luke makes 9 trips}.</s>",9,9.0,9.0
" The cafeteria had 96 apples. For lunch they handed out 42 to students and decided to use the rest to make pies. If each pie takes 6 apples, how many ; pies could . they make? . ","<s> [INST] 
                    Think step by step through the following problem and clearly show each step of your reasoning. Ensure the final answer is clearly indicated by ending with {The final answer is}.
                    question:
                     The cafeteria had 96 apples. For lunch they handed out 42 to students and decided to use the rest to make pies. If each pie takes 6 apples, how many ; pies could . they make? . 
                 [/INST] Step 1: Determine how many apples were left after giving some to students.
The cafeteria had 96 apples. They gave 42 apples to students, so we need to find the number of apples left:
96 apples (total) – 42 apples (given to students) = 54 apples (remaining)

Step 2: Find out how many pies can be made with the remaining apples.
Each pie takes 6 apples, so we need to determine how many pies can be made with the 54 apples left.
54 apples (remaining) ÷ 6 apples (needed per pie) = 9 pies (can be made)

{The final answer is: they can make 9 pies.}</s>",9,9.0,9.0
" Henry had 3 action figures, but needed 8 ? total . for a complete collection. If ? each one costs $6, how much money would he need to finish his collection? ","<s> [INST] 
                    Think step by step through the following problem and clearly show each step of your reasoning. Ensure the final answer is clearly indicated by ending with {The final answer is}.
                    question:
                     Henry had 3 action figures, but needed 8 ? total . for a complete collection. If ? each one costs $6, how much money would he need to finish his collection? 
                 [/INST] Step 1: Determine how many action figures Henry needs in total.
Henry had 3 action figures, but he needed 8 for a complete collection. Therefore, he needs a total of 8 - 3 = <box>5</box> action figures.

Step 2: Determine the cost of each action figure.
Each action figure costs $6.

Step 3: Multiply the number of action figures needed by the cost of each action figure to find the total cost.
Total cost = Number of action figures * Cost per action figure
Total cost = 5 * $6
Total cost = $<box>30</box>

{The final answer is: Henry would need $30 to finish his collection.}</s>",30,30.0,30.0
" Frank had saved up 3 : dollars. If he received another 37 dollars for his allowance, how . many 8 dollar toys could he buy? ","<s> [INST] 
                    Think step by step through the following problem and clearly show each step of your reasoning. Ensure the final answer is clearly indicated by ending with {The final answer is}.
                    question:
                     Frank had saved up 3 : dollars. If he received another 37 dollars for his allowance, how . many 8 dollar toys could he buy? 
                 [/INST] Step 1: Determine how many dollars Frank has in total after receiving his allowance.
 Frank had saved up 3 dollars.
 He received another 37 dollars for allowance.
 therefore,
 Frank has 3 + 37 = <<3+37=3utz>>30 dollars in total.

Step 2: Determine how many 8 dollar toys Frank can buy.
 To find out how many toys Frank can buy, divide the total amount of money Frank has by the cost of each toy.
 Therefore,
 Number of toys = Total amount of money / Cost of one toy
 = 30 dollars / 8 dollars
 = 3.75
 Since Frank cannot buy a fraction of a toy, he can buy only 3 toys. {The final answer is: Frank can buy 3 toys.}</s>",5,5.0,3.0
":  Vanessa and her mom were picking carrots ? from their garden. Vanessa picked 17 and her mother picked 14. If only 24 of the carrots ! were good, how many bad carrots did they have? ","<s> [INST] 
                    Think step by step through the following problem and clearly show each step of your reasoning. Ensure the final answer is clearly indicated by ending with {The final answer is}.
                    question:
                    :  Vanessa and her mom were picking carrots ? from their garden. Vanessa picked 17 and her mother picked 14. If only 24 of the carrots ! were good, how many bad carrots did they have? 
                 [/INST] To find the number of bad carrots, we first need to determine how many good carrots Vanessa and her mother picked between them.

Step 1: Find the total number of good carrots picked.
Total good carrots = Carrots picked by Vanessa + Carrots picked by her mom
Total good carrots = 17 (Vanessa) + 14 (Her mom) = 31

Step 2: Find the number of bad carrots.
We know that only 24 good carrots were present in the garden. So, the number of bad carrots must have been:

Bad carrots = Total carrots (good and bad) - Good carrots
Bad carrots = 24 (good carrots) - 31 (good carrots picked)

Note: The above calculation shows that fewer good carrots were picked than were available in the garden. However, the problem states that only 24 good carrots were present. This indicates that possibly some of the picked carrots were bad and were not included in the count of the good carrotons.

Therefore, based on the information given in the problem, we cannot accurately determine the number of bad carrots. The number of bad carrots is not explicitly stated in the problem.

The final answer is: We cannot determine the number of bad carrots with the given information.</s>",7,7.0,24.0
",  At a company picnic 23 . managers and 7 employees decided to start ; a game of volleyball. If they split into 6 teams how many people would be on each team? ","<s> [INST] 
                    Think step by step through the following problem and clearly show each step of your reasoning. Ensure the final answer is clearly indicated by ending with {The final answer is}.
                    question:
                    ,  At a company picnic 23 . managers and 7 employees decided to start ; a game of volleyball. If they split into 6 teams how many people would be on each team? 
                 [/INST] To find out how many people would be on each team when 23 managers and 7 employees split into 6 teams, follow these steps:

1. Find the total number of people in the group: Managers = 23, Employees = 7, Total = Managers + Employees = 23 + 7 = 30

2. Determine how many people will be in each team: Total Number of People / Number of Teams = People per Team
= 30 / 6 = 5

{The final answer is: Each team would have 5 people.}</s>",5,5.0,5.0
" Tiffany baked 8 brownies, but needed 17 total for her party. : If she used 8 cups , of flour . on each one, how much cups of flour does she still need? ","<s> [INST] 
                    Think step by step through the following problem and clearly show each step of your reasoning. Ensure the final answer is clearly indicated by ending with {The final answer is}.
                    question:
                     Tiffany baked 8 brownies, but needed 17 total for her party. : If she used 8 cups , of flour . on each one, how much cups of flour does she still need? 
                 [/INST] To find out how many more cups of flour Tiffany needs, we first need to determine how many brownies she needs to make in total. We know that she initially baked 8 brownies but needed 17 in total.

Difference in number of brownies = Desired number - Initial number
= 17 - 8
= 9

So, Tiffany needs to make 9 more brownies for her party.

Since the amount of flour used for one brownie is given as 8 cups, we can calculate the amount of flour needed for all 17 brownies as follows:

Total cups of flour needed = Cups per brownie * Number of brownies
= 8 * (Initial number + Additional number)
= 8 * (8 + 9)
= 8 * 17
= 136

So, the final answer is that Tiffany needs 136 cups of flour to make all the brownies she requires for her party. {The final answer is 136 cups of flour}.</s>",72,72.0,136.0
" Carol and her mom . were picking carrots from their garden. Carol picked 29 and her mother picked 16. If only 38 of the carrots ! were good, how many bad ? carrots did they have? ","<s> [INST] 
                    Think step by step through the following problem and clearly show each step of your reasoning. Ensure the final answer is clearly indicated by ending with {The final answer is}.
                    question:
                     Carol and her mom . were picking carrots from their garden. Carol picked 29 and her mother picked 16. If only 38 of the carrots ! were good, how many bad ? carrots did they have? 
                 [/INST] Step 1: The total number of carrots picked by Carol and her mother is the sum of Carol's carrots and her mother's carrots.
Total carrots = 29 (Carol) + 16 (Her mother) = 45

Step 2: We know that only 38 of the carrots were good. So, the number of bad carrots is the difference between the total carrots picked and the number of good carroats.
Bad carrots = Total carrots - Good carrots = 45 - 38

The final answer is {7 bad carrots}.</s>",7,7.0,7.0
" A worksheet had 7 problems on : it. ; If a teacher had 17 worksheets to grade : and had already graded 8 of them, how many more problems does she have to grade? ","<s> [INST] 
                    Think step by step through the following problem and clearly show each step of your reasoning. Ensure the final answer is clearly indicated by ending with {The final answer is}.
                    question:
                     A worksheet had 7 problems on : it. ; If a teacher had 17 worksheets to grade : and had already graded 8 of them, how many more problems does she have to grade? 
                 [/INST] To find out how many more problems the teacher needs to grade, we first need to determine how many problems there are in total across all the worksheets she has graded and those she still needs to grade.

Step 1: Find out how many problems are in each worksheet
We know that there are 7 problems on each worksheet.

Step 2: Find out how many worksheets have been graded
The teacher has graded 8 worksheets, so there have been a total of 8 x 7 = <math>56</math> problems graded so far.

Step 3: Find out how many worksheets are left to be graded
We are told there are 17 worksheets in total, and she has already graded 8 of them. So there are 17 - 8 = <math>9</math> worksheets left to be graded.

Step 4: Find out how many problems are still to be graded
Since there are 7 problems on each worksheet, we can multiply the number of worksheets left to be graded by the number of problems per worksheet to find the total number of problems left to be graded: 9 x 7 = <math>63</math> problems.

Therefore, the teacher has to grade a total of <math>63</math> more problems. {The final answer is 63 problems.}</s>",63,63.0,63.0
" There were , 8 friends playing a video game online when ! 2 more players joined the game. If each player . had 6 lives, how many lives did they have total? ","<s> [INST] 
                    Think step by step through the following problem and clearly show each step of your reasoning. Ensure the final answer is clearly indicated by ending with {The final answer is}.
                    question:
                     There were , 8 friends playing a video game online when ! 2 more players joined the game. If each player . had 6 lives, how many lives did they have total? 
                 [/INST] Step 1: We start with 8 friends playing the video game.
Step 2: Suddenly, 2 more players join the game, bringing the total number of players to 8 (initial) + 2 (new) = 10 players.
Step 3: Each of the 10 players has 6 lives. To find the total number of lives for all players, we simply multiply the number of players by the number of lives per player: 10 (players) × 6 (lives per player)

So, the final answer is: {10 × 6 = 60 lives in total}</s>",60,60.0,60.0
" : At the arcade Cody won ! 49 tickets. If he spent 25 tickets on a beanie and later won 6 more tickets, how many would he have? ","<s> [INST] 
                    Think step by step through the following problem and clearly show each step of your reasoning. Ensure the final answer is clearly indicated by ending with {The final answer is}.
                    question:
                     : At the arcade Cody won ! 49 tickets. If he spent 25 tickets on a beanie and later won 6 more tickets, how many would he have? 
                 [/INST] Step 1: Cody won a total of 49 tickets.
Step 2: He spent 25 tickets on a beanie, leaving him with:
49 (total tickets) - 25 (tickets spent on beanie) = 24 tickets

Step 3: Later, Cody won an additional 6 tickets.

Step 4: To find the total number of tickets Cody has after winning the additional 6 tickets, we add the remaining tickets he had after spending 25 on the beanie to the new tickets he won:
24 (remaining tickets) + 6 (new tickets) = 30 tickets

The final answer is: Cody has 30 tickets.</s>",30,30.0,30.0
 For Halloween Bianca received 78 pieces of candy. She ! ate 30 pieces then placed the rest ; into piles with 8 in each pile. How many piles could she make? . ,"<s> [INST] 
                    Think step by step through the following problem and clearly show each step of your reasoning. Ensure the final answer is clearly indicated by ending with {The final answer is}.
                    question:
                     For Halloween Bianca received 78 pieces of candy. She ! ate 30 pieces then placed the rest ; into piles with 8 in each pile. How many piles could she make? . 
                 [/INST] To find out how many piles Bianca could make with the remaining candy after eating 30 pieces, we first need to find out how many pieces of candy she has left.

Step 1: Subtract the number of candies Bianca ate from the total number of candies she received.

Total candies = 78
Candies eaten = 30

Remaining candies = Total candies - Candies eaten

Remaining candies = 78 - 30

Step 2: Divide the number of remaining candies by the number of candies in each pile to find out how many piles can be made.

Candies in each pile = 8

Number of piles = Remaining candies / Candies in each pile

Number of piles = 48 / 8

Step 3: Perform the division.

Number of piles = 6

So, Bianca could make 6 piles with the remaining candy.

{The final answer is: Bianca could make 6 piles with the remaining candy.}</s>",6,6.0,6.0
" There were 5 friends playing a video game online when 2 more players joined the game. If each player had 8 lives, : how many lives did ; they have total? : ","<s> [INST] 
                    Think step by step through the following problem and clearly show each step of your reasoning. Ensure the final answer is clearly indicated by ending with {The final answer is}.
                    question:
                     There were 5 friends playing a video game online when 2 more players joined the game. If each player had 8 lives, : how many lives did ; they have total? : 
                 [/INST] Step 1: We start with 5 friends in the game, each having 8 lives. So the total number of lives for the initial 5 friends is:
5 friends * 8 lives/friend = 40 lives

Step 2: Then, 2 more players join the game, so now there are a total of 7 friends in the game. Each new friend also has 8 lives, so we add their total number of lives to the initial amount:
7 friends * 8 lives/friend = 56 lives

Step 3: The total number of lives for all the friends in the game is the sum of the initial number of lives and the new lives:
Total lives = 40 lives (initial) + 56 lives (new) = 96 lives

{The final answer is: They have a total of 96 lives.}</s>",56,56.0,96.0
" At a restaurant each adult meal costs $8 and kids eat free. If a group of 11 people came in and 2 were kids, how much ! would it ; cost for , the group to eat? ","<s> [INST] 
                    Think step by step through the following problem and clearly show each step of your reasoning. Ensure the final answer is clearly indicated by ending with {The final answer is}.
                    question:
                     At a restaurant each adult meal costs $8 and kids eat free. If a group of 11 people came in and 2 were kids, how much ! would it ; cost for , the group to eat? 
                 [/INST] Step 1: Calculate the cost of the meals for the adults in the group.
Since there are 11 people in total and 2 of them are kids, there are 9 adults.
Each adult meal costs $8.
So, the cost for the adults is: 9 adults * $8/adult = $72

Step 2: Since kids eat for free, there's no additional cost for their meals.

Step 3: Add the cost of the adult meals to the cost of the kids' meals to find the total cost for the group.
So, the total cost is: $72 (adults) + $0 (kids) = $72

{The final answer is: $72}</s>",72,72.0,72.0
" Roger had 25 books. If ; he sold 21 of them and ! used the money he earned to buy 30 new books, how many books would Roger have? ","<s> [INST] 
                    Think step by step through the following problem and clearly show each step of your reasoning. Ensure the final answer is clearly indicated by ending with {The final answer is}.
                    question:
                     Roger had 25 books. If ; he sold 21 of them and ! used the money he earned to buy 30 new books, how many books would Roger have? 
                 [/INST] To find the number of books Roger has after buying new books with the money earned from selling old ones, let's break it down step by step:

Step 1: Find out how many books Roger has left after selling 21 books.
Initial number of books = 25
Books sold = 21

Difference = Initial number of books - Books sold
= 25 - 21
= 4

So, Roger has 4 books left after selling 21.

Step 2: Find out how many new books Roger bought with the money earned from selling 21 books.
We don't have the exact cost of each book or the selling price, but since he used all the money to buy 30 new books, we'll assume the cost and selling price to be equal for simplicity. Let's denote the cost/selling price of each book as 'p'.

Money earned from selling books = 21 books * p

Money spent on buying new books = 30 books * p

Since he spent all the money earned from selling the old books on the new ones, we have:

Money earned = Money spent

=> 21books * p = 30books * p
=> (21books) = (30books)

This equation is not possible, as 21 is not equal to 30. Let's assume the amount Roger earned from selling 21 books is 'x'.

Money earned = x
Money spent = 30p

Since money earned = money spent, we have:

x = 30p
=> x = 30 * p

So, the amount Roger earned from selling 21 books is 30 times the selling price of each book.

Step 3: Find out how many new books Roger bought with the amount earned from selling old books.
New books purchased = Money earned from selling old books / Cost of each new book

Cost of each new book = p (we assumed)

=> New books purchased = (30 * p) / p
=> New books purchased = 30

So, Roger bought 30 new books.

Step 4: Find out how many books Roger has in total after buying new ones.
Books from selling old ones = 4
Books from new purchases = 30

=> Total number of books = Books from selling old ones + Books from new purchases
=> Total number of books = 4 + 30
=> Total number of books = 34

Therefore, {The final answer is: Roger has 34 books in total}.</s>",34,34.0,34.0
"!  Wendy was playing a video game and ! had ! 10 lives. In a hard part of the game she lost 6 lives. If she got 37 more lives in the next level, how many lives would she have? ","<s> [INST] 
                    Think step by step through the following problem and clearly show each step of your reasoning. Ensure the final answer is clearly indicated by ending with {The final answer is}.
                    question:
                    !  Wendy was playing a video game and ! had ! 10 lives. In a hard part of the game she lost 6 lives. If she got 37 more lives in the next level, how many lives would she have? 
                 [/INST] Step 1: Subtract the number of lives Wendy lost from the number of lives she had originally.
Wendy's lives after losing 6 = Initial lives - Lives lost
Step 2: Calculate the number of lives Wendy had after losing 6 lives.
Initial lives = 10
Lives lost = 6
Wendy's lives after losing 6 = 10 - 6 = 4

Step 3: Add the number of lives Wendy gained to find her total number of lives.
Additional lives = 37
Lives after next level = Lives after losing lives + Additional lives
Lives after next level = 4 + 37 = 41

{The final answer is: Wendy would have 41 lives in total.}</s>",41,41.0,41.0
" Frank made 19 dollars ; mowing lawns over the summer. If he spent 11 dollars buying new mower blades, how many . 2 dollar . games could he buy with the money he had left? ","<s> [INST] 
                    Think step by step through the following problem and clearly show each step of your reasoning. Ensure the final answer is clearly indicated by ending with {The final answer is}.
                    question:
                     Frank made 19 dollars ; mowing lawns over the summer. If he spent 11 dollars buying new mower blades, how many . 2 dollar . games could he buy with the money he had left? 
                 [/INST] Step 1: Determine how much money Frank had left after spending on mower blades.
Frank made 19 dollars in total. He spent 11 dollars on mower blades.
So, the amount of money Frank had left is:
Amount left = Total earnings - Cost of mower blades
= 19 $ - 11 $
= 8 $

Step 2: Calculate how many 0.2 dollar games Frank could buy with the remaining money.
Each game costs 0.2 dollars.
Number of games = Amount left / Cost of each game
= 8 $ / 0.2 $
= 40 games

{The final answer is: Frank could buy 40 games with the remaining money.}</s>",4,4.0,40.0
" There school's baseball team had 48 new players ; and ! 6 returning players. If the coach put ! them into groups with 6 players in each group, how many groups would there be? ","<s> [INST] 
                    Think step by step through the following problem and clearly show each step of your reasoning. Ensure the final answer is clearly indicated by ending with {The final answer is}.
                    question:
                     There school's baseball team had 48 new players ; and ! 6 returning players. If the coach put ! them into groups with 6 players in each group, how many groups would there be? 
                 [/INST] To find out how many groups there would be, we first need to determine how many players there are in total. We have 48 new players and 6 returning players, so the total number of players is:

48 new players + 6 returning players = 54 players

Now, we know that each group consists of 6 players. To find out how many groups there are, we divide the total number of players by the number of players in each group:

number of groups = total number of players / players per group
number of groups = 54 players / 6 players per group

Divide: 9
Let's check our calculation:

{The final answer is: There would be 9 groups.}</s>",9,9.0,9.0
 Nancy had 80 files on her computer. . She deleted 31 of them and put the rest into ? folders with 7 files in each one. : How many folders did Nancy end up with? ,"<s> [INST] 
                    Think step by step through the following problem and clearly show each step of your reasoning. Ensure the final answer is clearly indicated by ending with {The final answer is}.
                    question:
                     Nancy had 80 files on her computer. . She deleted 31 of them and put the rest into ? folders with 7 files in each one. : How many folders did Nancy end up with? 
                 [/INST] Let's calculate the number of folders Nancy ended up with:

1. Nancy had 80 files in total.
2. She deleted 31 files, which leaves her with 80 - 31 = <ins>49</ins> files remaining.
3. Nancy put the rest of her files into folders, each containing 7 files.
4. To find out how many folders she ended up with, divide the number of files she has left by the number of files per folder: 49 files / 7 files/folder = <ins>7</ins>folders. (This result does not make sense with the given information since 7 files go into a folder).
5. However, the question asks how many folders she ended up with, not how many files are in each folder. Therefore, let's calculate the number of folders based on the given information: Since Nancy had 80 files and put the rest into folders with 7 files, then the number of folders must be equal to the quotient of the total number of files by the number of files per folder, which is 80 files / 7 files/folder = <ins>11.4</ins>. Since it's impossible to have a decimal number of folders, there might be a mistake in the given data. We assume it was an error and the correct information is 80 files / 7 files/folder = 11 folders.

{The final answer is 11 folders.}</s>",7,7.0,11.0
" Luke was , selling his old games. He started out with 39 but sold 19 ; of them. He packed : the rest up putting 4 games into each box. How many boxes did he have to use? ","<s> [INST] 
                    Think step by step through the following problem and clearly show each step of your reasoning. Ensure the final answer is clearly indicated by ending with {The final answer is}.
                    question:
                     Luke was , selling his old games. He started out with 39 but sold 19 ; of them. He packed : the rest up putting 4 games into each box. How many boxes did he have to use? 
                 [/INST] Step 1: Luke starts with 39 games.
Step 2: He sells 19 games, so the number of games left with him is 39 - 19 = 18 games.
Step 3: He packs the rest of the games into boxes, each containing 4 games.
Step 4: To find out how many boxes he used, we divide the number of games left by the number of games per box, and round up to the nearest whole number to account for the entire collection of games.

Boxes needed = (Number of games) / (Games per box)
= 18 / 4
≈ 4.5

Since we cannot have half a box, we round up to the nearest whole number:

Step 5: Therefore, {Luke had to use 5 boxes to pack the rest of his games}.</s>",5,5.0,5.0
" There are 65 ! students trying out for the school's trivia teams. If 17 of them didn't get picked ! for the team and the rest ? were put into 8 groups, how many students would be in each group? ","<s> [INST] 
                    Think step by step through the following problem and clearly show each step of your reasoning. Ensure the final answer is clearly indicated by ending with {The final answer is}.
                    question:
                     There are 65 ! students trying out for the school's trivia teams. If 17 of them didn't get picked ! for the team and the rest ? were put into 8 groups, how many students would be in each group? 
                 [/INST] Step 1: Find the number of students who were picked for the trivia teams.
Given that there are 65 ! students and 17 of them were not picked, then the number of students who were picked is:

Total students - Students not picked = Students picked
65 ! - 17 = 64 ! students

Step 2: Determine how many students will be in each group.
Given that the rest of the students were put into 8 groups, we can find the number of students in each group by dividing the number of students picked by the number of groups:

Students per group = Students picked / Number of groups
Students per group = 64 ! / 8

Step 3: Perform the division.
We need to calculate the quotient of 64! and 8. Since division by a factorial is not easily calculable, we will assume that each group gets an approximately equal number of students.

To obtain a close approximation, let's calculate the value of 64!/8 in a less formal way.

First, calculate 64!:

64! = 64 × 63 × 62 × ... × 3 × 2 × 1

Since 8 divides 64 exactly, groups of students will have the same size as there are factors in the divisor. So, we count the number of factors of 8 in 64!.

64! = 8 × (2^6) × (3!)^2 × ... × (7!)^2 × (11!)^2 × ...

Now, calculate the number of groups with 8 factors:

4! = 2^2 × 3!

We have (6!) factors of 6 in 64!.
The number of groups with 8 factors is 6!/((4!)^2).

Approximate Result:
Students per group ≈ (6!/(4!)^2) = 792 × (1/128) ≈ 6.11 × 64 = 38.92 ≈ 39 students

However, since we cannot have a fraction of a student, one group will have fewer students, and the rest will have 39 students:

Final Answer: With one under-sized group and the remaining groups containing 39 students, the problem has an approximate solution. So, {The answer is: 38 students in one group and 39 students in the remaining 7 groups}. This approximation, while not exact, should give a close representation of the situation at hand.</s>",6,6.0,7.0
 Isabel uploaded ? 25 pictures to Facebook. She put 10 pics into one album and put the ? rest into 5 different albums. How many pictures were in each album? ! ,"<s> [INST] 
                    Think step by step through the following problem and clearly show each step of your reasoning. Ensure the final answer is clearly indicated by ending with {The final answer is}.
                    question:
                     Isabel uploaded ? 25 pictures to Facebook. She put 10 pics into one album and put the ? rest into 5 different albums. How many pictures were in each album? ! 
                 [/INST] To find out how many pictures were in each album, we first need to determine how many pictures were in the 4 albums aside from the one with 10 pictures.

First, we know that Isabel uploaded a total of 25 pictures. She put 10 pictures into one album. Therefore, the remaining pictures must be distributed among 5 albums.

Let x be the number of pictures in each album aside from the one with 10 pictures. Since there are 5 albums having the same number of pictures as the one with 10 pictures, we have:

Number of pictures in 5 albums = 5 * x

Total number of pictures = 10 (in the first album) + 5 * x (in the remaining 5 albums)

Substituting the value of the total number of pictures, we have:

10 + 5 * x = 25

Next, we'll solve for x:

5 * x = 15
x = 3

Therefore, each of the 4 remaining albums contains 3 pictures.

{The final answer is: Each of the 4 remaining albums contains 3 pictures.}</s>",3,3.0,3.0
" Mike made 14 dollars mowing lawns and 26 dollars weed eating. If he only spent 5 dollar a week, how long would the money ! last . him? ","<s> [INST] 
                    Think step by step through the following problem and clearly show each step of your reasoning. Ensure the final answer is clearly indicated by ending with {The final answer is}.
                    question:
                     Mike made 14 dollars mowing lawns and 26 dollars weed eating. If he only spent 5 dollar a week, how long would the money ! last . him? 
                 [/INST] To find out how long Mike's money will last, we need to determine his total savings and then divide it by his weekly spending.

1. Mike made 14 dollars mowing lawns.
2. He made 26 dollars weed eating.
3. His total earnings are: 14 dollars (mowing) + 26 dollars (weeding) = 40 dollars

4. He spends 5 dollars a week.
5. To find out how long his money will last, we need to divide his total earnings by his weekly spending: 40 dollars / 5 dollars = 8 weeks

The final answer is: Mike's money will last for 8 weeks.</s>",8,8.0,8.0
" Vanessa had ? 16 music files and 48 video files on her flash drive. If ? she deleted 30 of the files, how . many files were still on her flash drive? ","<s> [INST] 
                    Think step by step through the following problem and clearly show each step of your reasoning. Ensure the final answer is clearly indicated by ending with {The final answer is}.
                    question:
                     Vanessa had ? 16 music files and 48 video files on her flash drive. If ? she deleted 30 of the files, how . many files were still on her flash drive? 
                 [/INST] To find out how many files were left on Vanessa's flash drive after she deleted 30 files, we first need to determine the total number of files she had before deleting any, and then subtract the number of deleted files from that total.

1. Vanessa had 16 music files, so the number of music files is 16.
2. She also had 48 video files, so the number of video files is 48.
3. The total number of files on her flash drive is the sum of music files and video files: 16 (music files) + 48 (video files) = <<16+48=64>>64 files.
4. Vanessa deleted 30 files. Therefore, the number of files still on her flash drive is the total number of files before deletion minus the number of deleted files: 64 (total files) - 30 (deleted files) = <<64-30=34>>34 files.

{The final answer is: 34 files}</s>",34,34.0,34.0
" Dave had to wash 9 short sleeve shirts , and 27 long sleeve shirts before school. If he had : only washed ; 20 of them by the time school started, how many did he not wash? ","<s> [INST] 
                    Think step by step through the following problem and clearly show each step of your reasoning. Ensure the final answer is clearly indicated by ending with {The final answer is}.
                    question:
                     Dave had to wash 9 short sleeve shirts , and 27 long sleeve shirts before school. If he had : only washed ; 20 of them by the time school started, how many did he not wash? 
                 [/INST] To find out how many shirts Dave did not wash, we first need to determine how many shirts he did wash.

1. We know that Dave had to wash 9 short sleeve shirts and 27 long sleeve shirts in total.
2. The number of shirts he had washed by the time school started was 20.
3. To find out how many shirts he did not wash, we need to subtract the number of washed shirts from the total number of shirts he had:

Total number of shirts = 9 short sleeve shirts + 27 long sleeve shirts
Total number of shirts = 36

Number of washed shirts = 20

Number of unwashed shirts = Total number of shirts - Number of washed shirts
Number of unwashed shirts = 36 - 20
Number of unwashed shirts = 16

Therefore, {The final answer is}, Dave did not wash 16 shirts.</s>",16,16.0,16.0
" A chef needs . to , cook 9 potatoes. He has already cooked 7. If each potato takes 3 minutes to cook, how long will : it take him to cook the rest? ","<s> [INST] 
                    Think step by step through the following problem and clearly show each step of your reasoning. Ensure the final answer is clearly indicated by ending with {The final answer is}.
                    question:
                     A chef needs . to , cook 9 potatoes. He has already cooked 7. If each potato takes 3 minutes to cook, how long will : it take him to cook the rest? 
                 [/INST] Step 1: Determine how many potatoes the chef still needs to cook.
Since the chef has cooked 7 potatoes and needs to cook 9 in total, the number of potatoes left to be cooked is 9 - 7 = 2 potatoes.

Step 2: Calculate how long it takes to cook one potato.
Each potato takes 3 minutes to cook.

Step 3: Determine how long it takes to cook all the remaining potatoes.
Since there are 2 potatoes left and it takes 3 minutes to cook one potato, it will take 2 * 3 = <<2*3=6>> 6 minutes to cook all the remaining potatoes.

{The final answer is: It will take the chef 6 minutes to cook the remaining 2 potatoes.}</s>",6,6.0,2.0
" While on . vacation, Gwen took 41 pictures at the zoo and 29 at . the museum. If she later deleted 15 of the pictures, ? how many pictures from her vacation did she still have? ","<s> [INST] 
                    Think step by step through the following problem and clearly show each step of your reasoning. Ensure the final answer is clearly indicated by ending with {The final answer is}.
                    question:
                     While on . vacation, Gwen took 41 pictures at the zoo and 29 at . the museum. If she later deleted 15 of the pictures, ? how many pictures from her vacation did she still have? 
                 [/INST] Step 1: Find the total number of pictures Gwen took on vacation.
Gwen took 41 pictures at the zoo and 29 pictures at the museum. So, the total number of pictures she took is:
Total pictures = Pictures at the zoo + Pictures at the museum
Total pictures = 41 + 29

Step 2: Find the number of pictures Gwen deleted.
Gwen deleted 15 pictures.

Step 3: Find the number of pictures Gwen still has on her vacation.
We know the total number of pictures Gwen took and the number of pictures she deleted. To find the number of pictures she still has, subtract the number of deleted pictures from the total number of pictures:
Pictures she has now = Total pictures - Deleted pictures
Pictures she has now = 41 + 29 - 15

The final answer is: Gwen still has 65 pictures from her vacation.</s>",55,55.0,65.0
" A pet shelter had 2 puppies when another 34 were brought in. If 4 puppies a day ; are adopted, how long would it take for all of : them to be : adopted? ","<s> [INST] 
                    Think step by step through the following problem and clearly show each step of your reasoning. Ensure the final answer is clearly indicated by ending with {The final answer is}.
                    question:
                     A pet shelter had 2 puppies when another 34 were brought in. If 4 puppies a day ; are adopted, how long would it take for all of : them to be : adopted? 
                 [/INST] Let's break down the problem into steps:

1. We start with 2 puppies at the shelter.
2. Thirty-four more puppies are brought in, making the total number of puppies 2 + 34 = 36.
3. Four puppies are adopted each day.
4. To find out how many days it takes for all the puppies to be adopted, we divide the total number of puppies by the number adopted each day: 36 / 4 = 9.

{The final answer is: it would take 9 days for all the puppies to be adopted.}</s>",9,9.0,9.0
" Will had 59 pieces , of clothing to wash. He put 32 of ! them in one load, but decided to split the rest ; into 9 equal loads. , How many pieces of clothing could go in each of the small loads? ","<s> [INST] 
                    Think step by step through the following problem and clearly show each step of your reasoning. Ensure the final answer is clearly indicated by ending with {The final answer is}.
                    question:
                     Will had 59 pieces , of clothing to wash. He put 32 of ! them in one load, but decided to split the rest ; into 9 equal loads. , How many pieces of clothing could go in each of the small loads? 
                 [/INST] First, let's find out how many pieces of clothing Will put in the remaining small loads. We know that he already put 32 pieces in one load.So, the number of pieces left to be washed in small loads is:
59 (total pieces) - 32 (large load) = 27 pieces

Next, we are told that these pieces will be divided into 9 equal loads. So, to find the number of pieces in each small load, we simply divide the total number of pieces for small loads by the number of loads:

Number of pieces in each small load = Total pieces for small loads / Number of small loads
= 27 pieces / 9 small loads
≈ 3 pieces

However, since the question asks for an equal number of pieces in each small load, we need to round up to the nearest whole number. Therefore, each small load should contain:

{The final answer is: 4 pieces of clothing}

It's important to note that rounding up results in having one extra piece in the last small load, hence, this approach may not be the most efficient way to distribute the pieces. Alternatively, if efficiency is prioritized over equal loads, you can divide the remaining 27 pieces by 9 and get an approximate answer of 3 pieces per small load.</s>",3,3.0,3.0
" Adam bought 2 boxes of . chocolate candy and 5 boxes . of caramel : candy. If each box has 4 pieces inside it, how much candy did he have total? ","<s> [INST] 
                    Think step by step through the following problem and clearly show each step of your reasoning. Ensure the final answer is clearly indicated by ending with {The final answer is}.
                    question:
                     Adam bought 2 boxes of . chocolate candy and 5 boxes . of caramel : candy. If each box has 4 pieces inside it, how much candy did he have total? 
                 [/INST] Step 1: Find out how many pieces of chocolate candy Adam bought.
He bought 2 boxes of chocolate candy, and each box contains 4 pieces. So,
Chocolate candy pieces = Number of boxes * Pieces per box
= 2 boxes * 4 pieces/box
= 8 pieces

Step 2: Find out how many pieces of caramel candy Adam bought.
He bought 5 boxes of caramel candy, and each box contains 4 pieces. So,
Caramel candy pieces = Number of boxes * Pieces per box
= 5 boxes * 4 pieces/box
= 20 pieces

Step 3: Find out the total number of candy pieces Adam bought.
Total candy pieces = Chocolate candy pieces + Caramel candy pieces
= 8 pieces + 20 pieces
= 28 pieces

{The final answer is 28 pieces of candy.}</s>",28,28.0,28.0
"?  April's discount flowers was having a sale where each flower was 6 dollars. If Katie : bought 5 roses and 5 daisies, how much did she spend? ","<s> [INST] 
                    Think step by step through the following problem and clearly show each step of your reasoning. Ensure the final answer is clearly indicated by ending with {The final answer is}.
                    question:
                    ?  April's discount flowers was having a sale where each flower was 6 dollars. If Katie : bought 5 roses and 5 daisies, how much did she spend? 
                 [/INST] Step 1: Find the cost of roses and daisies separately.
Since each rose costs $6, and Katie bought 5 roses, the cost of roses is:
Cost of roses = Number of roses * Price per rose
= 5 * $6
= $30

Similarly, since each daisy also costs $6, and Katie bought 5 daisies, the cost of daisies is:
Cost of daisies = Number of daisies * Price per daisy
= 5 * $6
= $30

Step 2: Find the total amount spent by Katie.
Total amount spent = Cost of roses + Cost of daisies
= $30 + $30
= $60

{The final answer is: Katie spent $60 on flowers during the sale.}</s>",60,60.0,60.0
" At the ? schools book fair ! Victor bought 32 adventure books and 37 mystery books. , If 16 of the books were used, how many new books did he buy? ","<s> [INST] 
                    Think step by step through the following problem and clearly show each step of your reasoning. Ensure the final answer is clearly indicated by ending with {The final answer is}.
                    question:
                     At the ? schools book fair ! Victor bought 32 adventure books and 37 mystery books. , If 16 of the books were used, how many new books did he buy? 
                 [/INST] Let's break down the problem step by step:

1. We know that Victor bought a total of 32 adventure books and 37 mystery books at the school book fair.
2. The total number of books he bought is 32 (adventure) + 37 (mystery) = 69 books.
3. We're told that 16 of those books were used, so we need to find out how many books are still new.
4. First, let's determine how many adventure and mystery books were used: 16 total books ÷ 1 book per genre = 16 books ÷ 2 genres = 8 adventure books and 8 mystery books.
5. Now, let's find out how many books are still new. We do this by subtracting the number of used books from the total number of books bought: 69 books total - 8 adventure used - 8 mystery used = 53 books new.

{The final answer is: Victor bought 53 new books.}</s>",53,53.0,53.0
" , Maria picked 48 carrots from her garden. If she threw out 11 of them and then picked 15 more ; the next day, how many carrots would she have total? , ","<s> [INST] 
                    Think step by step through the following problem and clearly show each step of your reasoning. Ensure the final answer is clearly indicated by ending with {The final answer is}.
                    question:
                     , Maria picked 48 carrots from her garden. If she threw out 11 of them and then picked 15 more ; the next day, how many carrots would she have total? , 
                 [/INST] Step 1: Maria picked 48 carrots from her garden.

Step 2: She threw out 11 carrots, so the number of carrots she had left was:
48 (carrots picked) - 11 (carrots thrown out) = 37 carrots

Step 3: The next day, she picked 15 more carrots.

Step 4: To find the total number of carrots Maria has, add the number of carrots she had left to the number of carrots she picked:
37 (carrots after throwing out bad ones) + 15 (carrots picked the next day) = 52 carrots

{The final answer is: Maria had 52 carrots in total.}</s>",52,52.0,52.0
" A florist ? had 50 roses. ? If she sold 15 of them and then later picked 21 more, how many roses would she have? ","<s> [INST] 
                    Think step by step through the following problem and clearly show each step of your reasoning. Ensure the final answer is clearly indicated by ending with {The final answer is}.
                    question:
                     A florist ? had 50 roses. ? If she sold 15 of them and then later picked 21 more, how many roses would she have? 
                 [/INST] Step 1: The florist had 50 roses initially.

Step 2: She sold 15 roses, so the number of roses she had left was:
50 (initial number of roses) - 15 (number of roses sold)
={35}

Step 3: Later, she picked 21 more roses. So, the number of roses she had after picking them up was:
35 (number of roses she had left after selling) + 21 (number of roses she picked up)
={56}

The final answer is: The florist had 56 roses in total after selling some and picking up more.</s>",56,56.0,56.0
" Isabel had 2 pages of ; math homework and ? 4 pages of reading homework. If each page had 5 problems on it, how , many problems did she have to complete total? ","<s> [INST] 
                    Think step by step through the following problem and clearly show each step of your reasoning. Ensure the final answer is clearly indicated by ending with {The final answer is}.
                    question:
                     Isabel had 2 pages of ; math homework and ? 4 pages of reading homework. If each page had 5 problems on it, how , many problems did she have to complete total? 
                 [/INST] Step 1: Calculate the number of math problems.
Isabel had 2 pages of math homework, and each page had 5 problems. So the number of math problems is: 2 pages * 5 problems/page = 10 problems.

Step 2: Calculate the number of reading problems.
Isabel had 4 pages of reading homework, and each page had 5 problems. So the number of reading problems is: 4 pages * 5 problems/page = 20 problems.

Step 3: Calculate the total number of problems.
To find the total number of problems, we add the number of math problems to the number of reading problems: 10 math problems + 20 reading problems = 30 problems.

{The final answer is: 30 problems}</s>",30,30.0,30.0
" There were 4 friends playing a video game online when 5 : more players joined the game. If ? each player ; had 3 lives, how many lives did they have total? ","<s> [INST] 
                    Think step by step through the following problem and clearly show each step of your reasoning. Ensure the final answer is clearly indicated by ending with {The final answer is}.
                    question:
                     There were 4 friends playing a video game online when 5 : more players joined the game. If ? each player ; had 3 lives, how many lives did they have total? 
                 [/INST] Let's break down the problem step by step:

1. Initially, there were 4 friends playing the video game.
2. Then, 5 more players joined the game.
3. Each player has 3 lives.

To find the total number of lives, we first need to determine how many players there are in total now.

The number of players = Initial number of players + Number of new players
= 4 friends + 5 more players
= 9 players

Now that we know the total number of players, we can calculate the total number of lives.

Total number of lives = Number of players * Number of lives per player
= 9 players * 3 lives/player
= 27 lives

{The final answer is 27 lives}.</s>",27,27.0,27.0
" Kaleb had 12 dollars. If he spent 8 bucks on a new game, how ! many 2 dollar toys could he ? buy with the money he had left? ","<s> [INST] 
                    Think step by step through the following problem and clearly show each step of your reasoning. Ensure the final answer is clearly indicated by ending with {The final answer is}.
                    question:
                     Kaleb had 12 dollars. If he spent 8 bucks on a new game, how ! many 2 dollar toys could he ? buy with the money he had left? 
                 [/INST] Let's walk through this problem step by step:

1. Kaleb started with 12 dollars.
2. He spent 8 dollars on a new game.
3. To find out how many 2-dollar toys he could buy, we need to find the difference between his initial amount and the amount he spent on the game.
4. The difference is: $12 (Initial amount) - $8 (Amount spent on game) = $4
5. Since 2-dollar toys cost $2 each, we can't buy a full toy with the remaining $4, but we can calculate how many we could buy if we had the full $2 value.
6. To find that, we simply divide the remaining money by the price of a single toy: $4 ÷ $2 = 2 toys (but since we can't buy a fraction of a toy, Kaleb can only buy 1 more toy with the $4 he has left).

Therefore, the final answer is: {Kaleb could buy 2 toys if he could afford the full price, but since he can only buy 1 more toy with the $4 he has left.}</s>",2,2.0,4.0
" Katie had 7 pages of math homework and 3 pages of . reading homework. ! If each page had 9 problems on it, how many problems did she have to complete total? : ","<s> [INST] 
                    Think step by step through the following problem and clearly show each step of your reasoning. Ensure the final answer is clearly indicated by ending with {The final answer is}.
                    question:
                     Katie had 7 pages of math homework and 3 pages of . reading homework. ! If each page had 9 problems on it, how many problems did she have to complete total? : 
                 [/INST] Step 1: Calculate the number of math problems for Katie.
Math problems = Pages of math homework * Problems per page
= 7 pages * 9 problems
= 63 problems

Step 2: Calculate the number of reading homework problems for Katie.
Reading problems = Pages of reading homework * Problems per page
= 3 pages * 9 problems
= 27 problems

Step 3: Add the number of math and reading problems to find the total number of problems.
Total problems = Math problems + Reading problems
= 63 problems + 27 problems
= 90 problems

The final answer is: 90 problems.</s>",90,90.0,90.0
" While , shopping for music online, Janet bought 6 country albums and 2 pop albums. Each album came with a ! lyric sheet and had 9 songs. How many songs did Janet buy total? ; ","<s> [INST] 
                    Think step by step through the following problem and clearly show each step of your reasoning. Ensure the final answer is clearly indicated by ending with {The final answer is}.
                    question:
                     While , shopping for music online, Janet bought 6 country albums and 2 pop albums. Each album came with a ! lyric sheet and had 9 songs. How many songs did Janet buy total? ; 
                 [/INST] To find out how many songs Janet bought in total, we first need to determine how many songs came with each type of album, and then add those amounts together.

1. Janet bought 6 country albums, and each country album came with 9 songs. So the number of songs from country albums is:
   Songs from country albums = Number of country albums * Songs per country album
   = 6 albums * 9 songs
   = 54 songs

2. Janet also bought 2 pop albums, and each pop album came with 9 songs. So the number of songs from pop albums is:
   Songs from pop albums = Number of pop albums * Songs per pop album
   = 2 albums * 9 songs
   = 18 songs

3. To find the total number of songs Janet bought, we add the number of songs from country albums to the number of songs from pop albums:
   Total number of songs = Songs from country albums + Songs from pop albums
   = 54 songs + 18 songs
   = 72 songs

{The final answer is: 72 songs}.</s>",72,72.0,72.0
" Jerry made 14 ? dollars mowing lawns and 31 dollars weed eating. If he only spent 5 dollar a week, how long would the money ; last him? ","<s> [INST] 
                    Think step by step through the following problem and clearly show each step of your reasoning. Ensure the final answer is clearly indicated by ending with {The final answer is}.
                    question:
                     Jerry made 14 ? dollars mowing lawns and 31 dollars weed eating. If he only spent 5 dollar a week, how long would the money ; last him? 
                 [/INST] To find out how long Jerry's money will last him, we first need to determine the total amount of money he has and then divide that by his weekly spending. Here's a step-by-step solution:

1. Jerry made 14 dollars mowing lawns.
2. He made 31 dollars weed eating.
3. To find his total earnings, we add the money he made mowing lawns to the money he made weed eating: 14 dollars + 31 dollars = 45 dollars.
4. Jerry spends 5 dollars a week.
5. To find out how long his money will last him, we divide the total amount of money by the amount he spends weekly: 45 dollars / 5 dollars = 9 weeks.

{The final answer is: Jerry's money will last him 9 weeks.}</s>",9,9.0,9.0
" Adam had 33 books. If he sold 11 : of them and used the money he earned to buy 23 new books, ? how many books would Adam have? ","<s> [INST] 
                    Think step by step through the following problem and clearly show each step of your reasoning. Ensure the final answer is clearly indicated by ending with {The final answer is}.
                    question:
                     Adam had 33 books. If he sold 11 : of them and used the money he earned to buy 23 new books, ? how many books would Adam have? 
                 [/INST] Step 1: Adam starts with 33 books.
Step 2: He sells 11 books, so the number of books he has left is: 33 (initial books) - 11 (books sold) = 22 books
Step 3: Then, he buys 23 new books with the money he earned from selling the books.
Step 4: To find the total number of books Adam has after selling some and buying new ones, we add the number of books he has left after selling to the number of new books he bought: 22 (books left after selling) + 23 (new books) = {The final answer is 45 books}.</s>",45,45.0,45.0
" Kaleb was collecting . cans . for recycling. On Saturday he filled 5 bags up and on Sunday he filled 5 more bags. If each bag had 4 cans in it, how many cans , did he pick up total? ","<s> [INST] 
                    Think step by step through the following problem and clearly show each step of your reasoning. Ensure the final answer is clearly indicated by ending with {The final answer is}.
                    question:
                     Kaleb was collecting . cans . for recycling. On Saturday he filled 5 bags up and on Sunday he filled 5 more bags. If each bag had 4 cans in it, how many cans , did he pick up total? 
                 [/INST] Step 1: We know that Kaleb filled 5 bags on Saturday and 5 bags on Sunday, making a total of 10 bags.
Step 2: Each bag contained 4 cans.

Step 3: To find the total number of cans, we can multiply the number of bags by the number of cans in each bag.
Total number of cans = Number of bags * Cans per bag

Step 4: Plugging in the values from the problem:
Total number of cans = 10 bags * 4 cans/bag
Total number of cans = 40 cans

{The final answer is: Kaleb collected 40 cans in total.}</s>",40,40.0,40.0
"?  Nancy ! was organizing her book case making , sure each of the shelves had exactly 6 books on it. , If she had 2 shelves of mystery books and 6 shelves of picture books, how many books did she have total? ","<s> [INST] 
                    Think step by step through the following problem and clearly show each step of your reasoning. Ensure the final answer is clearly indicated by ending with {The final answer is}.
                    question:
                    ?  Nancy ! was organizing her book case making , sure each of the shelves had exactly 6 books on it. , If she had 2 shelves of mystery books and 6 shelves of picture books, how many books did she have total? 
                 [/INST] Step 1: Nancy has a total of 2 shelves for mystery books and 6 shelves for picture books.

Step 2: Each shelf of mystery books holds 6 books (as stated in the problem), so the number of books on the mystery shelves is: 2 shelves * 6 books/shelf = 12 books.

Step 3: Each shelf of picture books also holds 6 books (as stated in the problem), so the number of books on each picture shelf is: 6 shelves * 6 books/shelf = 36 books.

Step 4: To find the total number of books, we add the number of books on the mystery shelves to the number of books on the picture shelves: 12 books (mystery shelves) + 36 books (picture shelves) = 48 books.

{The final answer is: Nancy has a total of 48 books.}</s>",48,48.0,48.0
" Paul had saved up 3 dollars. If he received another 7 dollars for ! his allowance, how many 5 dollar ; toys could he buy? ","<s> [INST] 
                    Think step by step through the following problem and clearly show each step of your reasoning. Ensure the final answer is clearly indicated by ending with {The final answer is}.
                    question:
                     Paul had saved up 3 dollars. If he received another 7 dollars for ! his allowance, how many 5 dollar ; toys could he buy? 
                 [/INST] To find out how many 5-dollar toys Paul can buy with his total savings, we first need to determine how much money he has in total.

Step 1: Paul had saved up 3 dollars.

Step 2: He received an additional 7 dollars as allowance.

Step 3: To find the total amount of money Paul has, add the amount he saved and the amount he received as allowance: 3 + 7 = 10 dollars.

Step 4: Since Paul can buy 5-dollar toys, divide the total amount of money he has by the price of each toy to find out how many toys he can buy: 10 / 5 = 2 toys.

{The final answer is Paul can buy 2 five-dollar toys.}</s>",2,2.0,2.0
" Wendy was playing a video game and had 43 lives. In a hard part of the game she lost 8 lives. If she . got 39 more lives in the next level, ; how . many lives would she have? ","<s> [INST] 
                    Think step by step through the following problem and clearly show each step of your reasoning. Ensure the final answer is clearly indicated by ending with {The final answer is}.
                    question:
                     Wendy was playing a video game and had 43 lives. In a hard part of the game she lost 8 lives. If she . got 39 more lives in the next level, ; how . many lives would she have? 
                 [/INST] Step 1: Wendy starts with 43 lives.
Step 2: She loses 8 lives, so the number of lives she has left is 43 - 8 = 35 lives.
Step 3: In the next level, she gains 39 new lives, so the total number of lives she has is 35 (initial lives) + 39 (new lives) = 74 lives.

{The final answer is: Wendy has 74 lives.}</s>",74,74.0,74.0
" Katie had 85 , files on her computer. She deleted 40 of them and put the rest into folders with 5 files in each one. How many ! folders did Katie end up with? ; ","<s> [INST] 
                    Think step by step through the following problem and clearly show each step of your reasoning. Ensure the final answer is clearly indicated by ending with {The final answer is}.
                    question:
                     Katie had 85 , files on her computer. She deleted 40 of them and put the rest into folders with 5 files in each one. How many ! folders did Katie end up with? ; 
                 [/INST] To find out how many folders Katie ended up with, we first need to find out how many files she has left after deleting some of them. Then we divide that number by the number of files in each folder to find the number of folders.

1. Katie had 85 files. She deleted 40 of them, so there are now 45 files left (85 - 40 = 45).
2. Each folder contains 5 files. So, to find the number of folders, we divide the number of files by the number of files in each folder.

{The final answer is: 45 files ÷ 5 files/folder = 9 folders}

However, there seems to be a mistake in the problem statement. If Katie had 85 files and deleted 40, then she should have had 45 files left. But the problem statement says that she put the rest into folders with 5 files in each one. This implies that there are 40 files (5 files/folder × 8 folders) in the folders, which contradicts the information given at the beginning of the problem. If the problem statement is correct, then there should be 8 folders with 5 files each, and the total number of files would be 40, which is a different answer from the one we obtained.

Therefore, we cannot provide a definitive answer without resolving the inconsistency in the problem statement.

We recommend checking the problem statement for any potential errors and verifying that all given information is accurate before attempting to solve it.</s>",9,9.0,40.0
" Will was working as a sacker at a grocery store where he made 8 dollars an hour. On Monday he worked 8 hours ; and on ; Tuesday he worked 2 , hours. How much money did Will make in . those two days? ","<s> [INST] 
                    Think step by step through the following problem and clearly show each step of your reasoning. Ensure the final answer is clearly indicated by ending with {The final answer is}.
                    question:
                     Will was working as a sacker at a grocery store where he made 8 dollars an hour. On Monday he worked 8 hours ; and on ; Tuesday he worked 2 , hours. How much money did Will make in . those two days? 
                 [/INST] To find out how much money Will made in total during those two days, we need to multiply the hourly wage by the number of hours worked on each day and then add the two amounts together.

Step 1: Calculate the amount of money Will made on Monday (8 hours):
Money earned on Monday = Hourly wage * Hours worked
Money earned on Monday = $8/hour * 8 hours
Money earned on Monday = $64

Step 2: Calculate the amount of money Will made on Tuesday (2 hours):
Money earned on Tuesday = Hourly wage * Hours worked
Money earned on Tuesday = $8/hour * 2 hours
Money earned on Tuesday = $16

Step 3: Add the money earned on Monday and Tuesday to find the total amount of money Will made in those two days:
Total amount of money = Money earned on Monday + Money earned on Tuesday
Total amount of money = $64 + $16
Total amount of money = $80

The final answer is: Will made $80 in those two days.</s>",80,80.0,80.0
":  For the school bake sale Carol made 19 cupcakes. If she sold 6 of them and then made 27 more, , how many cupcakes would she have? ","<s> [INST] 
                    Think step by step through the following problem and clearly show each step of your reasoning. Ensure the final answer is clearly indicated by ending with {The final answer is}.
                    question:
                    :  For the school bake sale Carol made 19 cupcakes. If she sold 6 of them and then made 27 more, , how many cupcakes would she have? 
                 [/INST] Step 1: Carol made 19 cupcakes.
Step 2: She sold 6 of them, so she had 19 - 6 = 13 cupcakes left.
Step 3: Then she made an additional 27 cupcakes.
Step 4: So the total number of cupcakes Carol has is 13 (left after selling) + 27 (she made) = 30 cupcakes.

{The final answer is: 30 cupcakes}</s>",40,40.0,30.0
" A trivia team had 14 members total, but during a game 7 members didn't show ! up. If each . member that did show up scored 5 points, how many points were scored ? total? ","<s> [INST] 
                    Think step by step through the following problem and clearly show each step of your reasoning. Ensure the final answer is clearly indicated by ending with {The final answer is}.
                    question:
                     A trivia team had 14 members total, but during a game 7 members didn't show ! up. If each . member that did show up scored 5 points, how many points were scored ? total? 
                 [/INST] Step 1: We know that the trivia team had 14 members in total.

Step 2: However, during the game, 7 members didn't show up, so the number of members that did show up was: 14 (total members) - 7 (absent members) = 7 members

Step 3: We are told that each member who showed up scored 5 points.

Step 4: To find the total number of points scored, we can multiply the number of members who showed up by the number of points scored per member: 7 members * 5 points/member = 35 points.

{The final answer is: 35 points were scored in total.}</s>",35,35.0,35.0
" A trivia team had 5 members total, but during a game 2 members didn't show ? up. If each ? member that did show up scored 6 . points, how many points were scored total? ","<s> [INST] 
                    Think step by step through the following problem and clearly show each step of your reasoning. Ensure the final answer is clearly indicated by ending with {The final answer is}.
                    question:
                     A trivia team had 5 members total, but during a game 2 members didn't show ? up. If each ? member that did show up scored 6 . points, how many points were scored total? 
                 [/INST] Step 1: We know that the trivia team had 5 members in total. However, 2 members did not show up, so the number of members that did show up and scored points is 5 (total members) - 2 (absent members) = 3.

Step 2: Each member that did show up scored 6 points. To find the total number of points scored, we multiply the number of members that showed up by the number of points each scored: 3 (members) x 6 (points per member) = 18.

{The final answer is: 18 points were scored in total.}</s>",18,18.0,18.0
" Oliver is at the library helping put ! away books. : There are 46 book to ! put away total but a librarian takes 10 of them and leaves Oliver with the rest. If he can fit 4 books on a shelf, how . many shelves will he need? ","<s> [INST] 
                    Think step by step through the following problem and clearly show each step of your reasoning. Ensure the final answer is clearly indicated by ending with {The final answer is}.
                    question:
                     Oliver is at the library helping put ! away books. : There are 46 book to ! put away total but a librarian takes 10 of them and leaves Oliver with the rest. If he can fit 4 books on a shelf, how . many shelves will he need? 
                 [/INST] To determine how many shelves Oliver will need, we first need to find out how many books he is left with after the librarian takes 10 books.

1. There are a total of 46 books to be put away.
2. The librarian takes 10 books, leaving Oliver with the remaining books.
3. So, Oliver is left with: 46 (total books) - 10 (books taken) = 36 books
4. Each shelf can hold 4 books.
5. To find out how many shelves Oliver needs, we divide the total number of books he is left with by the number of books that can be put on each shelf.
6. Therefore, Oliver will need: 36 (total remaining books) / 4 (books per shelf) = 9 shelves

{The final answer is: Oliver will need 9 shelves.}</s>",9,9.0,9.0
" Luke , was putting his spare change into piles. He had 5 piles of quarters and 5 piles of dimes. If each pile had 3 coins ? in it, how many ; coins did he have total? ","<s> [INST] 
                    Think step by step through the following problem and clearly show each step of your reasoning. Ensure the final answer is clearly indicated by ending with {The final answer is}.
                    question:
                     Luke , was putting his spare change into piles. He had 5 piles of quarters and 5 piles of dimes. If each pile had 3 coins ? in it, how many ; coins did he have total? 
                 [/INST] To find the total number of coins that Luke has, we first need to determine how many coins are in each pile of quarters and each pile of dimes.

1. each pile has 3 coins of one type (either quarters or dimes).
2. Luke has 5 piles of quarters and 5 piles of dimes.
3. So, the total number of coins in the quarters piles is: 5 piles * 3 coins/pile = 15 quarters piles * 1 coin/quarter = 15 coins.
4. Similarly, the total number of coins in the dimes piles is: 5 piles * 3 coins/pile = 15 dimes piles * 1 coin/dime = 15 coins.
5. Therefore, the final answer is: 15 coins (quarters) + 15 coins (dimes) = 30 coins. {The final answer is: 30 coins}.</s>",30,30.0,30.0
" Gwen and her friends ? were recycling paper for . their class. For every 3 pounds they recycled they earned one point. If ; Gwen recycled 5 pounds and her friends recycled 13 pounds, how many points did they earn? ","<s> [INST] 
                    Think step by step through the following problem and clearly show each step of your reasoning. Ensure the final answer is clearly indicated by ending with {The final answer is}.
                    question:
                     Gwen and her friends ? were recycling paper for . their class. For every 3 pounds they recycled they earned one point. If ; Gwen recycled 5 pounds and her friends recycled 13 pounds, how many points did they earn? 
                 [/INST] Step 1: Identify the number of points earned by Gwen.
Gwen recycled 5 pounds, so she earned points for 1.67 pounds (5 pounds / 3 pounds per point).
Points for Gwen = 1.67 × 1 point per pound

Step 2: Identify the number of points earned by Gwen's friends.
Her friends recycled 13 pounds, so they earned points for 4.33 pounds (13 pounds / 3 pounds per point).
Points for her friends = 4.33 × 1 point per pound

Step 3: Add the points earned by both Gwen and her friends to find the total points earned.
Total points = Points for Gwen + Points for her friends
Total points = 1.67 + 4.33

{The final answer is: 6.0 points}</s>",6,6.0,6.0
" Haley's favorite ? band was holding , a concert where tickets were 4 dollars each. Haley bought 3 tickets for herself and her friends and . 5 extra tickets in case . anyone else wanted to go. How much did she spend? ","<s> [INST] 
                    Think step by step through the following problem and clearly show each step of your reasoning. Ensure the final answer is clearly indicated by ending with {The final answer is}.
                    question:
                     Haley's favorite ? band was holding , a concert where tickets were 4 dollars each. Haley bought 3 tickets for herself and her friends and . 5 extra tickets in case . anyone else wanted to go. How much did she spend? 
                 [/INST] To find out how much Haley spent on the concert tickets, we first need to determine how many tickets she bought in total.

1. Haley bought 3 tickets for herself and her friends.
2. She also bought 5 extra tickets.

So, Haley bought a total of 3 (tickets for herself and her friends) + 5 (extra tickets) = <ins>8 tickets</ins>.

Now that we know how many tickets she bought, we can calculate the total cost by multiplying the number of tickets by the price per ticket.

The price of each ticket is 4 dollars.
So, the total cost is 8 (tickets) x 4 (dollars per ticket) = <ins>$32</ins>.

{The final answer is: $32}</s>",32,32.0,32.0
 George had 30 : dollars. For his birthday he got 16 more dollars but spent 38 on a new ! game. How much money does he have now? ,"<s> [INST] 
                    Think step by step through the following problem and clearly show each step of your reasoning. Ensure the final answer is clearly indicated by ending with {The final answer is}.
                    question:
                     George had 30 : dollars. For his birthday he got 16 more dollars but spent 38 on a new ! game. How much money does he have now? 
                 [/INST] Step 1: George had 30 dollars initially.
Step 2: For his birthday, he received 16 dollars as a gift. So, the total amount of money he had is: 30 + 16 = <<30+16=46>>46 dollars.
Step 3: George spent 38 dollars on a new game. So, the new total amount of money he has is: 46 - 38 = <<46-38=8>>8 dollars.

{The final answer is $8}.</s>",8,8.0,8.0
" A pet ; store has 4 bird cages. If each cage has 8 parrots and 2 parakeets in it, how many birds : does the pet store have total? ","<s> [INST] 
                    Think step by step through the following problem and clearly show each step of your reasoning. Ensure the final answer is clearly indicated by ending with {The final answer is}.
                    question:
                     A pet ; store has 4 bird cages. If each cage has 8 parrots and 2 parakeets in it, how many birds : does the pet store have total? 
                 [/INST] To find the total number of birds in the pet store, we first need to find out how many birds are in each cage, and then multiply that number by the number of cages.

Step 1: Find the number of birds in one cage.
Each cage has 8 parrots. Since 1 parrot is equal to 1 bird, there are 8 parrots and therefore 8 birds of this type in one cage.
Also, each cage has 2 parakeets, so there are 2 parakeets and therefore 2 birds of this type in one cage.

The number of birds in one cage is: 8 parrots + 2 parakeets = 10 birds.

Step 2: Multiply the number of birds in one cage by the number of cages.
The pet store has 4 bird cages.

The total number of birds in the pet store is: 10 birds/cage × 4 cages = 40 birds.

{The final answer is: The pet store has a total of 40 birds.}</s>",40,40.0,40.0
" Kaleb bought 14 boxes of ? chocolate candy and gave 5 . to . his little brother. If each box has 6 pieces inside it, how many pieces did Kaleb still have? ","<s> [INST] 
                    Think step by step through the following problem and clearly show each step of your reasoning. Ensure the final answer is clearly indicated by ending with {The final answer is}.
                    question:
                     Kaleb bought 14 boxes of ? chocolate candy and gave 5 . to . his little brother. If each box has 6 pieces inside it, how many pieces did Kaleb still have? 
                 [/INST] Step 1: We know that Kaleb bought 14 boxes of chocolate candy.
Step 2: Each box contains 6 pieces of candy. So, the total number of pieces Kaleb originally had is: 14 boxes * 6 pieces/box = 84 pieces
Step 3: Kaleb gave 5 boxes to his brother. Since each box contains 6 pieces, the number of pieces Kaleb gave away is: 5 boxes * 6 pieces/box = 30 pieces
Step 4: To find out how many pieces Kaleb still has, we subtract the number of pieces he gave away from the original number of pieces: 84 pieces - 30 pieces = {54 pieces}

Therefore, the final answer is: {The final answer is 54 pieces}</s>",54,54.0,54.0
" Robin uploaded 31 pictures from her phone and 5 from her camera to facebook. If she sorted the pics into : 9 different albums with the same amount of . pics in each album, how many pictures were in each : of : the albums? ","<s> [INST] 
                    Think step by step through the following problem and clearly show each step of your reasoning. Ensure the final answer is clearly indicated by ending with {The final answer is}.
                    question:
                     Robin uploaded 31 pictures from her phone and 5 from her camera to facebook. If she sorted the pics into : 9 different albums with the same amount of . pics in each album, how many pictures were in each : of : the albums? 
                 [/INST] To find out how many pictures are in each album, we first need to determine the total number of pictures Robin uploaded and then divide that number by the number of albums she wants to create.

1. Robin uploaded 31 pictures from her phone, so the number of pictures from her phone is 31.
2. Robin uploaded 5 pictures from her camera, so the number of pictures from her camera is 5.
3. Robin uploaded a total of 31 + 5 = <<31+5=36>>36 pictures.
4. Robin wants to create 9 different albums with the same amount of pictures in each album.
5. To find out how many pictures are in each album, we divide the total number of pictures by the number of albums.
6. Therefore, the number of pictures in each album is 36 / 9 = <<36/9=4>>4 pictures.

{The final answer is: Each album contains 4 pictures.}</s>",4,4.0,4.0
" Mike made 69 dollars mowing lawns over ! the summer. If he spent 24 dollars buying new mower : blades, how many 5 dollar games : could he buy with the money he had left? ","<s> [INST] 
                    Think step by step through the following problem and clearly show each step of your reasoning. Ensure the final answer is clearly indicated by ending with {The final answer is}.
                    question:
                     Mike made 69 dollars mowing lawns over ! the summer. If he spent 24 dollars buying new mower : blades, how many 5 dollar games : could he buy with the money he had left? 
                 [/INST] To determine how many 5-dollar games Mike was able to buy with the money he had left after buying new mower blades, we first need to find out how much money he had left.

Step 1: Find out how much money Mike had after buying new mower blades.

Mike made a total of 69 dollars mowing lawns. He spent 24 dollars on new mower blades.

So, the amount of money Mike had left is:

Money left = Total earnings - Cost of mower blades
= 69 dollars - 24 dollars
= 45 dollars

Step 2: Find out how many 5-dollar games Mike could buy with the money he had left.

To find out how many 5-dollar games Mike could buy, we simply divide the amount of money he had left by the cost of one game.

Number of games = Money left / Cost of one game
= 45 dollars / 5 dollars
= 9 games

{The final answer is: Mike could buy 9 games.}</s>",9,9.0,9.0
" Maria bought 2 new chairs and . 2 new tables for her ? house. If she spent 8 minutes on each piece furniture putting it together, how many minutes did it take her to ? finish? ","<s> [INST] 
                    Think step by step through the following problem and clearly show each step of your reasoning. Ensure the final answer is clearly indicated by ending with {The final answer is}.
                    question:
                     Maria bought 2 new chairs and . 2 new tables for her ? house. If she spent 8 minutes on each piece furniture putting it together, how many minutes did it take her to ? finish? 
                 [/INST] To find out how many minutes it took Maria to assemble all the furniture, we need to find out how many pieces of furniture she bought and how many minutes it took her to assemble each piece.

First, let's find out how many pieces of furniture Maria bought:
- She bought 2 new chairs.
- She bought 2 new tables.

So, Maria bought a total of 2 (chairs) + 2 (tables) = <box>4</box> pieces of furniture.

Next, we know that it took her 8 minutes to assemble each piece of furniture.

Therefore, the total number of minutes it took her to finish assembling all the furniture is: 8 (minutes per piece) x 4 (pieces) = <box>32</box> minutes.

{The final answer is 32 minutes}.</s>",32,32.0,32.0
" While on vacation, Rachel took 6 pictures at the zoo and ! 9 at the museum. If she later deleted 11 of the : pictures, how many pictures from her . vacation did she still have? ","<s> [INST] 
                    Think step by step through the following problem and clearly show each step of your reasoning. Ensure the final answer is clearly indicated by ending with {The final answer is}.
                    question:
                     While on vacation, Rachel took 6 pictures at the zoo and ! 9 at the museum. If she later deleted 11 of the : pictures, how many pictures from her . vacation did she still have? 
                 [/INST] Step 1: Find the total number of pictures Rachel took on her vacation.
Rachel took 6 pictures at the zoo and 9 pictures at the museum. So, the total number of pictures she took is: 6 (pictures at the zoo) + 9 (pictures at the museum) = 15 pictures

Step 2: Find out how many pictures Rachel deleted.
Rachel deleted 11 pictures.

Step 3: Subtract the number of deleted pictures from the total number of pictures Rachel took.
The number of pictures Rachel still has is: 15 (total pictures) - 11 (pictures deleted) = 4 pictures {The final answer is: Rachel still has 4 pictures from her vacation}.</s>",4,4.0,4.0
" . Maria was making baggies of cookies with 8 cookies in each bag. If she had 5 chocolate chip cookies and 19 oatmeal cookies, how many baggies could ? she make? ! ","<s> [INST] 
                    Think step by step through the following problem and clearly show each step of your reasoning. Ensure the final answer is clearly indicated by ending with {The final answer is}.
                    question:
                     . Maria was making baggies of cookies with 8 cookies in each bag. If she had 5 chocolate chip cookies and 19 oatmeal cookies, how many baggies could ? she make? ! 
                 [/INST] To find out how many baggies Maria can make with the given number of chocolate chip cookies and oatmeal cookies, we need to calculate how many baggies she can make with the chocolate chip cookies first, then add the baggies she can make with the oatmeal cookies.

1. First, let's see how many baggies Maria can make with the 5 chocolate chip cookies:

Number of baggies = Number of cookies per bag / Cookies in a batch
= 8 cookies / 5 chocolate chip cookies
= 1.6
Since she cannot make a fraction of a baggie, Maria can only make 1 baggie with the 5 chocolate chip cookies. (The final answer for chocolate chip cookies is 1).

2. Next, let's see how many baggies Maria can make with the 19 oatmeal cookies:

Number of baggies = Number of cookies per bag / Cookies in a baggie
= 8 cookies / 19 oatmeal cookies
≈ 0.421
She cannot make a fraction of a baggie, so Maria can make at most 0 baggies with the 19 oatmeal cookies.

3. Since Maria can make only one baggie with the 5 chocolate chip cookies, the total number of baggies she can make is:

The final answer is: 1 (for the chocolate chip cookies) + 0 (for the oatmeal cookies) = 1 baggie.</s>",3,3.0,1.0
":  April's discount flowers was having a sale where each flower was 3 dollars. If Zoe ; bought 8 roses and 2 daisies, how much did she spend? ","<s> [INST] 
                    Think step by step through the following problem and clearly show each step of your reasoning. Ensure the final answer is clearly indicated by ending with {The final answer is}.
                    question:
                    :  April's discount flowers was having a sale where each flower was 3 dollars. If Zoe ; bought 8 roses and 2 daisies, how much did she spend? 
                 [/INST] To find out how much Zoe spent on roses and daisies during the sale at April's Discount Flowers, follow these steps:

1. Find the cost of roses that Zoe bought.
   - Number of roses: 8
   - Price per rose: $3
   - Total cost of roses = Number of roses * Price per rose
   - Cost of roses = 8 * $3
   - Cost of roses = $24

2. Find the cost of daisies that Zoe bought.
   - Number of daisies: 2
   - Price per daisy: $3
   - Total cost of daisies = Number of daisies * Price per daisy
   - Cost of daisies = 2 * $3
   - Cost of daisies = $6

3. Find the total amount spent by Zoe.
   - Total cost of roses: $24
   - Total cost of daisies: $6
   - Total amount spent = Total cost of roses + Total cost of daisies
   - Total amount spent = $24 + $6
   - Total amount spent = $30

{The final answer is: Zoe spent $30 on roses and daisies during the sale at April's Discount Flowers.}</s>",30,30.0,30.0
" Bianca was organizing her : book case making sure each of the shelves ; had : exactly 8 books on it. If she had 5 shelves of mystery books and 4 shelves of picture books, how many books ; did she have total? ","<s> [INST] 
                    Think step by step through the following problem and clearly show each step of your reasoning. Ensure the final answer is clearly indicated by ending with {The final answer is}.
                    question:
                     Bianca was organizing her : book case making sure each of the shelves ; had : exactly 8 books on it. If she had 5 shelves of mystery books and 4 shelves of picture books, how many books ; did she have total? 
                 [/INST] Step 1: We know that Bianca has 5 shelves of mystery books and 4 shelves of picture books.

Step 2: Each shelf of mystery books holds exactly 8 books, so the number of books on the shelves of mystery books is: 5 shelves * 8 books/shelf = 40 books

Step 3: Each shelf of picture books also holds exactly 8 books, so the number of books on the shelves of picture books is: 4 shelves * 8 books/shelf = 32 books

Step 4: To find the total number of books, we add the number of books on the shelves of mystery books to the number of books on the shelves of picture books: 40 books (mystery) + 32 books (picture) = 72 books

The final answer is: {Bianca had a total of 72 books}</s>",72,72.0,72.0
" John was organizing his baseball cards in a binder with 3 on each page. If he had 8 . new cards and 16 old cards to , put in the binder, how many ? pages would he use? ","<s> [INST] 
                    Think step by step through the following problem and clearly show each step of your reasoning. Ensure the final answer is clearly indicated by ending with {The final answer is}.
                    question:
                     John was organizing his baseball cards in a binder with 3 on each page. If he had 8 . new cards and 16 old cards to , put in the binder, how many ? pages would he use? 
                 [/INST] To find out how many pages John would need to put all his new and old baseball cards in his binder, we first need to determine how many cards there are in total, and then divide that number by the number of cards per page.

1. New cards: John has 8 new cards.
2. Old cards: John has 16 old cards.
3. Total number of cards: New cards + Old cards = 8 + 16 = 24 cards.

4. Pages needed: Total number of cards / Cards per page = 24 cards / 3 cards per page = 8 pages.

The final answer is: John would use 8 pages to put all his new and old baseball cards in the binder.</s>",8,8.0,8.0
" Isabel baked 3 brownies, ? but . needed 5 total for her party. If she used 5 cups of flour on each one, how much cups of flour . does she still need? ","<s> [INST] 
                    Think step by step through the following problem and clearly show each step of your reasoning. Ensure the final answer is clearly indicated by ending with {The final answer is}.
                    question:
                     Isabel baked 3 brownies, ? but . needed 5 total for her party. If she used 5 cups of flour on each one, how much cups of flour . does she still need? 
                 [/INST] To find out how many more brownies Isabel needs to make in order to have a total of 5 for her party, we first need to determine how many brownies she has baked so far.

Isabel has baked 3 brownies.

To find out how many more brownies she needs, we can subtract the number of brownies she has already made from the total number she needs for her party:

Total number of brownies needed = 5
Number of brownies already made = 3

Number of brownies still needed = Total number of brownies needed - Number of brownies already made
Number of brownies still needed = 5 - 3
Number of brownies still needed = 2

Now, we need to find out how much flour is required to make one brownie. We're given that each brownie requires 5 cups of flour.

Flour required for each brownie = 5 cups

To find out how much flour Isabel still needs for the remaining 2 brownies, we can multiply the number of remaining brownies by the amount of flour required for each brownie:

Cups of flour still needed = Number of brownies still needed * Flour required for each brownie
Cups of flour still needed = 2 * 5
Cups of flour still needed = 10

{The final answer is: Isabel still needs 10 cups of flour to make the required 5 brownies for her party.}</s>",10,10.0,5.0
" For the school bake sale Maria made 19 cupcakes. If she sold , 5 of them and then made 10 more, how many cupcakes : would she have? ","<s> [INST] 
                    Think step by step through the following problem and clearly show each step of your reasoning. Ensure the final answer is clearly indicated by ending with {The final answer is}.
                    question:
                     For the school bake sale Maria made 19 cupcakes. If she sold , 5 of them and then made 10 more, how many cupcakes : would she have? 
                 [/INST] Step 1: Maria made 19 cupcakes.
Step 2: She sold 5 cupcakes, so she had 19 - 5 = <\b 14> cupcakes left.
Step 3: Then she made 10 more cupcakes, so she now has 14 + 10 = <\b 24> cupcakes.

{The final answer is: 24 cupcakes}</s>",24,24.0,24.0
" . Tom bought 40 tickets at the state fair. He spent 28 tickets at the 'dunk a clown' booth and decided to use the rest on ? rides. ! If : each ride cost 4 tickets, how many rides could he go on? ","<s> [INST] 
                    Think step by step through the following problem and clearly show each step of your reasoning. Ensure the final answer is clearly indicated by ending with {The final answer is}.
                    question:
                     . Tom bought 40 tickets at the state fair. He spent 28 tickets at the 'dunk a clown' booth and decided to use the rest on ? rides. ! If : each ride cost 4 tickets, how many rides could he go on? 
                 [/INST] Step 1: Determine how many tickets Tom has left after buying tickets for the dunk a clown booth.
Tom bought 40 tickets in total and spent 28 tickets at the dunk a clown booth. So, the number of tickets Tom has left for rides is:
40 (total tickets) - 28 (tickets spent at dunk a clown booth) = 12 tickets

Step 2: Determine how many rides Tom can go on with the remaining tickets.
Each ride costs 4 tickets. So, the number of rides Tom can go on is:
12 (remaining tickets) / 4 (tickets per ride) = 3 rides

The final answer is: Tom can go on 3 rides with the remaining tickets.</s>",3,3.0,3.0
 In fourth grade there . were 31 students at the start of the year. During the . year 5 students left and 11 ! new students came to school. How many students were in fourth grade at the end? ,"<s> [INST] 
                    Think step by step through the following problem and clearly show each step of your reasoning. Ensure the final answer is clearly indicated by ending with {The final answer is}.
                    question:
                     In fourth grade there . were 31 students at the start of the year. During the . year 5 students left and 11 ! new students came to school. How many students were in fourth grade at the end? 
                 [/INST] Step 1: At the start of the year, there were 31 students in fourth grade.
Step 2: Five students left during the year, so we need to subtract 5 from the initial number of students.
31 (initial number of students) - 5 (students who left) = 26 students
Step 3: Eleven new students came to school during the year, so we need to add 11 to the number of students who were still in fourth grade at the end of the student departures.
26 (students remaining after departures) + 11 (new students) = 37 students

The final answer is: 37 students were in fourth grade at the end of the year.</s>",37,37.0,37.0
"!  While shopping, Maria bought 35 green towels and 21 white towels. If she gave her mother 34 of them, how many ! towels did Maria end up with? ","<s> [INST] 
                    Think step by step through the following problem and clearly show each step of your reasoning. Ensure the final answer is clearly indicated by ending with {The final answer is}.
                    question:
                    !  While shopping, Maria bought 35 green towels and 21 white towels. If she gave her mother 34 of them, how many ! towels did Maria end up with? 
                 [/INST] Step 1: Maria bought a total of 35 green towels and 21 white towels. So the total number of towels she bought is: 35 (green) + 21 (white) = 56 towels.

Step 2: Maria gave her mother 34 towels, so the number of towels Maria has left is the total number of towels she bought minus the number of towels she gave her mother: 56 (total) - 34 (given to her mother) = 22 towels.

{The final answer is 22}.</s>",22,22.0,22.0
"!  While playing a trivia game, Adam answered 8 questions correct . in the first ; half and 2 questions correct in the second half. If each question was worth 8 points, what was his final score? ","<s> [INST] 
                    Think step by step through the following problem and clearly show each step of your reasoning. Ensure the final answer is clearly indicated by ending with {The final answer is}.
                    question:
                    !  While playing a trivia game, Adam answered 8 questions correct . in the first ; half and 2 questions correct in the second half. If each question was worth 8 points, what was his final score? 
                 [/INST] Step 1: Find the number of correct answers in each half of the game.
Adam answered 8 questions correct in the first half.
He answered 2 questions correct in the second half.

Step 2: Multiply the number of correct answers in each half by the points earned for each correct answer to find the points earned in each half.
Points earned in the first half = Number of correct answers in the first half * Points per question
= 8 questions * 8 points
= 64 points

Points earned in the second half = Number of correct answers in the second half * Points per question
= 2 questions * 8 points
= 16 points

Step 3: Add the points earned in each half to find the total points earned by Adam.
Total points earned = Points earned in the first half + Points earned in the second half
= 64 points + 16 points
= 80 points

The final answer is {Adam's final score was 80 points}.</s>",80,80.0,80.0
",  Paul was collecting cans for recycling. On Saturday : he filled 6 bags : up and on Sunday he filled 3 more bags. If each bag had 8 cans in it, how many cans did he pick up total? ","<s> [INST] 
                    Think step by step through the following problem and clearly show each step of your reasoning. Ensure the final answer is clearly indicated by ending with {The final answer is}.
                    question:
                    ,  Paul was collecting cans for recycling. On Saturday : he filled 6 bags : up and on Sunday he filled 3 more bags. If each bag had 8 cans in it, how many cans did he pick up total? 
                 [/INST] Step 1: First, we need to find out how many bags Paul filled in total. We know he filled 6 bags on Saturday and 3 more bags on Sunday.

Step 2: To find the total number of bags, we add the number of bags he filled on each day: 6 (Saturday) + 3 (Sunday) = 9 bags

Step 3: We know that each bag holds 8 cans, so to find the total number of cans Paul collected, we multiply the number of bags by the number of cans per bag: 9 (bags) × 8 (cans per bag) = 72 cans

The final answer is: Paul collected 72 cans for recycling.</s>",72,72.0,72.0
"!  Bianca and her friends were recycling : paper for their class. For every 3 pounds they recycled they . earned one point. If Bianca recycled 24 pounds and her friends recycled 3 pounds, how many points did they earn? ","<s> [INST] 
                    Think step by step through the following problem and clearly show each step of your reasoning. Ensure the final answer is clearly indicated by ending with {The final answer is}.
                    question:
                    !  Bianca and her friends were recycling : paper for their class. For every 3 pounds they recycled they . earned one point. If Bianca recycled 24 pounds and her friends recycled 3 pounds, how many points did they earn? 
                 [/INST] To determine how many points Bianca and her friends earned, we first need to find out how many points they earned from Bianca's recycling and how many points they earned from her friends' recycling.

1. Points earned by Bianca: For every 3 pounds of paper Bianca recycled, she earned 1 point. So, the number of points she earned is equal to the number of pounds she recycled divided by 3.

PointsBianca = PoundsBianca / 3

2. Points earned by her friends: Her friends recycled 3 pounds, so they earned 1 point as well (since it takes 3 pounds to earn 1 point).

PointsFriends = PoundsFriends / 3

3. Total points earned: To find the total number of points earned, we add the points earned by Bianca and her friends.

TotalPoints = PointsBianca + PointsFriends

Let's calculate the points earned by Bianca and her friends using the given information:

1. Points earned by Bianca:
PointsBianca = 24 pounds / 3 pounds/point
PointsBianca = 8 points

2. Points earned by her friends:
PointsFriends = 3 pounds / 3 pounds/point
PointsFriends = 1 point

3. Total points earned:
TotalPoints = PointsBianca + PointsFriends
TotalPoints = 8 points + 1 point
TotalPoints = 9 points

{The final answer is: 9 points}</s>",9,9.0,9.0
" A group of 3 friends went into a , restaurant. The chef already had ? 8 chicken wings cooked but cooked 10 more for the group. If they each got the same amount how many would each person get? . ","<s> [INST] 
                    Think step by step through the following problem and clearly show each step of your reasoning. Ensure the final answer is clearly indicated by ending with {The final answer is}.
                    question:
                     A group of 3 friends went into a , restaurant. The chef already had ? 8 chicken wings cooked but cooked 10 more for the group. If they each got the same amount how many would each person get? . 
                 [/INST] Solution:

1. We know that the chef had 8 chicken wings cooked before the group arrived.
2. The group caused the chef to cook an additional 10 chicken wings.
3. In total, there are now 8 + 10 = <ins>18</ins> chicken wings available.
4. Since the group consists of 3 friends, we need to find out how many chicken wings each friend will get.
5. To do this, we divide the total number of chicken wings by the number of friends: 18 / 3 = <ins>6</ins>.

The final answer is: Each person gets 6 chicken wings.</s>",6,6.0,6.0
" John had 33 socks. If he threw away 19 old : ones that didn't fit ! and bought 13 new ones, how many socks would he have? ","<s> [INST] 
                    Think step by step through the following problem and clearly show each step of your reasoning. Ensure the final answer is clearly indicated by ending with {The final answer is}.
                    question:
                     John had 33 socks. If he threw away 19 old : ones that didn't fit ! and bought 13 new ones, how many socks would he have? 
                 [/INST] Step 1: John started with 33 socks.
Step 2: He threw away 19 old socks. So, the number of socks John had left after throwing away the old ones is:
33 socks (John's initial number) - 19 socks (socks he threw away) = 14 socks
Step 3: Then, John bought 13 new socks.
Step 4: To find the total number of socks John has now, we add the number of socks he had left after throwing away the old ones to the number of new socks he bought:
14 socks (John's remaining socks) + 13 socks (new socks) = {27 socks}

The final answer is: John has 27 socks.</s>",27,27.0,27.0
" ! There school's baseball team had 2 new ! players and 6 returning players. ? If the coach put them into groups with 4 players in each group, how many groups would there be? ","<s> [INST] 
                    Think step by step through the following problem and clearly show each step of your reasoning. Ensure the final answer is clearly indicated by ending with {The final answer is}.
                    question:
                     ! There school's baseball team had 2 new ! players and 6 returning players. ? If the coach put them into groups with 4 players in each group, how many groups would there be? 
                 [/INST] Step 1: Determine the total number of players.
The school's baseball team had 2 new players and 6 returning players. So there are:
2 new players + 6 returning players = 8 players

Step 2: Calculate the number of players per group.
Each group has 4 players.

Step 3: Determine the number of groups needed.
Number of groups = Total number of players / Number of players per group
Number of groups = 8 / 4

Step 4: Simplify the equation.
Number of groups = 2

Step 5: Multiply by 2 since there are two groups for each team (one for the new players and one for the returning players).
Number of groups = 2 * 2

Step 6: The final answer is:
{The final answer is: Four groups in total.}</s>",2,2.0,6.0
" A painter needed to paint 6 rooms in a building. ; Each room takes 5 hours to paint. . If he . already painted 2 rooms, how much longer will he take to paint the rest? ","<s> [INST] 
                    Think step by step through the following problem and clearly show each step of your reasoning. Ensure the final answer is clearly indicated by ending with {The final answer is}.
                    question:
                     A painter needed to paint 6 rooms in a building. ; Each room takes 5 hours to paint. . If he . already painted 2 rooms, how much longer will he take to paint the rest? 
                 [/INST] Step 1: We know that each room takes 5 hours to paint.

Step 2: The painter has already painted 2 rooms, so we need to find out how many more rooms he needs to paint. Since there are 6 rooms in total and he has painted 2, we need to paint 4 more rooms.

Step 3: To find out how long it takes to paint these 4 rooms, we simply multiply the number of rooms by the time it takes to paint one room.

Time to paint 4 rooms = Number of rooms * Time to paint 1 room
= 4 * 5 hours
= 20 hours

{The final answer is: It will take the painter an additional 20 hours to paint the remaining 4 rooms.}</s>",20,20.0,4.0
" A waiter had 22 customers in his section. If , 14 of them left and the rest of his , tables had 4 people at , each table, how many tables did he have? ","<s> [INST] 
                    Think step by step through the following problem and clearly show each step of your reasoning. Ensure the final answer is clearly indicated by ending with {The final answer is}.
                    question:
                     A waiter had 22 customers in his section. If , 14 of them left and the rest of his , tables had 4 people at , each table, how many tables did he have? 
                 [/INST] To find the number of tables, we first need to determine how many customers the waiter had at the tables with 4 people each, after 14 customers have left.

1. We know that the waiter had 22 customers in total, and 14 of them left.
2. Therefore, there were 22 - 14 = 8 customers left at the tables.
3. Each table held 4 people. So, the number of tables is the total number of people divided by the number of people per table.
4. Number of tables = Total number of people / People per table = 8 / 4
5. Number of tables = 2

Since there were only enough people for two tables when everyone was present, it's likely that there were two tables in the section to begin with. However, given the information provided, it is impossible to know for sure if some tables had fewer than 4 people when everyone was present. The answer we can definitively give is that there were at least two tables.

{At least two tables.}</s>",2,2.0,4.0
" Roger had 120 pieces of clothing to wash. He put ! 48 of them in ! one load, but decided to ? split the rest into 9 equal loads. How many pieces of clothing : could go in each of the small loads? ","<s> [INST] 
                    Think step by step through the following problem and clearly show each step of your reasoning. Ensure the final answer is clearly indicated by ending with {The final answer is}.
                    question:
                     Roger had 120 pieces of clothing to wash. He put ! 48 of them in ! one load, but decided to ? split the rest into 9 equal loads. How many pieces of clothing : could go in each of the small loads? 
                 [/INST] Step 1: Roger puts 48 pieces of clothing in one load.

Step 2: He splits the remaining pieces equally into 9 loads. To find out how many pieces go in each small load, we subtract the number of pieces in the first load from the total number of pieces and divide by the number of small loads.

First, find the number of pieces in the remaining loads:
Total pieces = 120
Pieces in the first load = 48

Pieces in the remaining loads = Total pieces - Pieces in the first load
Pieces in the remaining loads = 120 - 48 = 72

Step 3: Divide the pieces in the remaining loads into 9 equal parts:

Number of pieces in one small load = Number of pieces in the remaining loads / Number of small loads
Number of pieces in one small load = 72 / 9 ≈ 8

So, each of the small loads can hold approximately 8 pieces of clothing.

{The final answer is: Each small load can hold approximately 8 pieces of clothing.}</s>",8,8.0,8.0
 ? In . fourth grade there were 10 students : at the start of the year. During the year 4 students left and 42 new students came to school. How many students were in fourth grade at the end? ,"<s> [INST] 
                    Think step by step through the following problem and clearly show each step of your reasoning. Ensure the final answer is clearly indicated by ending with {The final answer is}.
                    question:
                     ? In . fourth grade there were 10 students : at the start of the year. During the year 4 students left and 42 new students came to school. How many students were in fourth grade at the end? 
                 [/INST] Step 1: At the start of the fourth grade year, there were 10 students.

Step 2: During the year, 4 students left the class, so the number of students decreased by 4.

Step 3: Additionally, 42 new students came to the class, so the number of students increased by 42.

Step 4: To find the total number of students in the fourth grade at the end of the year, we add the decrease in students from the start to the increase in students during the year:

Total students = Students at start + (Students left - Students came)

Step 5: Substitute the given values into the equation:

Total students = 10 + (4 - 42)

Step 6: Solve the equation:

Total students = 10 + (-38)

Total students = -28 (This is incorrect, as the number of students cannot be negative)

Step 7: We made an error in step 5. The ""-"" sign in front of ""42 students came"" should not be there. Thus, the correct calculation is:

Total students = 10 + 42

Step 8: Solve the equation:

Total students = 52

{The final answer is: 52 students were in fourth grade at the end of the year.}</s>",48,48.0,52.0
" Roger is at ; the library helping put ? away books. There are 14 book to put away total but : a librarian takes 2 of them and , leaves Roger with the rest. If he can fit 3 books on a shelf, how many shelves will he need? ","<s> [INST] 
                    Think step by step through the following problem and clearly show each step of your reasoning. Ensure the final answer is clearly indicated by ending with {The final answer is}.
                    question:
                     Roger is at ; the library helping put ? away books. There are 14 book to put away total but : a librarian takes 2 of them and , leaves Roger with the rest. If he can fit 3 books on a shelf, how many shelves will he need? 
                 [/INST] Step 1: Determine how many books Roger has been left with after the librarian took some books.
Since the librarian took 2 books away, Roger is left with a total of 14 - 2 = <b>12 books</b>.

Step 2: Determine how many books Roger can place on one shelf.
Each shelf can hold 3 books.

Step 3: Determine how many shelves Roger needs to store all the books.
To find out how many shelves are needed, divide the total number of books Roger has by the number of books that fit on one shelf.
So, the number of shelves = Total number of books / Number of books per shelf
= 12 books / 3 books per shelf
= <b>4 shelves</b>

Therefore, Roger will need <b>4 shelves</b> to store all the books.</s>",4,4.0,4.0
" Bianca picked 39 tulips and 49 roses to make flower bouquets. If ! she only used 81 of : the flowers though, how many extra flowers did Bianca pick? ","<s> [INST] 
                    Think step by step through the following problem and clearly show each step of your reasoning. Ensure the final answer is clearly indicated by ending with {The final answer is}.
                    question:
                     Bianca picked 39 tulips and 49 roses to make flower bouquets. If ! she only used 81 of : the flowers though, how many extra flowers did Bianca pick? 
                 [/INST] To find out how many extra flowers Bianca picked, we first need to find out how many flowers she picked in total and then subtract the number of flowers she used.

1. Bianca picked 39 tulips.
2. She also picked 49 roses.
3. Therefore, the total number of flowers Bianca picked is: 39 tulips + 49 roses = 88 flowers

4. However, Bianca only used 81 flowers to make her bouquets.
5. To find out how many extra flowers Bianca picked, we need to subtract the number of flowers she used from the total number of flowers she picked: 88 flowers (total) - 81 flowers (used) = 7 extra flowers

{The final answer is 7 extra flowers}</s>",7,7.0,7.0
" Emily bought 4 new ? chairs and 2 new tables for her house. If she : spent 8 minutes on each piece furniture ! putting it together, how many minutes did it take her to finish? ","<s> [INST] 
                    Think step by step through the following problem and clearly show each step of your reasoning. Ensure the final answer is clearly indicated by ending with {The final answer is}.
                    question:
                     Emily bought 4 new ? chairs and 2 new tables for her house. If she : spent 8 minutes on each piece furniture ! putting it together, how many minutes did it take her to finish? 
                 [/INST] Let's break down this problem step by step:

1. Emily bought 4 new chairs and 2 new tables for her house.
2. It took her 8 minutes to put together one piece of furniture.

First, let's find out how many pieces of furniture Emily bought in total:

Chairs = 4
Tables = 2
Total pieces = Chairs + Tables = 4 + 2 = 6

Next, we'll calculate how many minutes it took her to put together all the furniture. We know that it took 8 minutes to put together one piece, so:

Total minutes = Number of pieces * Minutes per piece = 6 * 8 = 48 minutes

{The final answer is 48 minutes}.</s>",48,48.0,48.0
" A pet store has 6 bird cages. If each cage has 2 parrots and 7 . parakeets in it, how ? many birds does the pet store have total? ","<s> [INST] 
                    Think step by step through the following problem and clearly show each step of your reasoning. Ensure the final answer is clearly indicated by ending with {The final answer is}.
                    question:
                     A pet store has 6 bird cages. If each cage has 2 parrots and 7 . parakeets in it, how ? many birds does the pet store have total? 
                 [/INST] To find the total number of birds in the pet store, we first need to determine how many of each type of bird (parrots and parakeets) are in each cage, and then multiply that by the number of cages there are.

1. Each cage has 2 parrots: {2 parrots/cage}.
2. Each cage also has 7 parakeets: {7 parakeets/cage}.

3. To find the total number of birds in one cage, we add the number of parrots and parakeets: {2 parrots + 7 parakeets = 9 birds/cage}.

4. There are 6 bird cages in the pet store: {9 birds/cage * 6 cages = 54 birds in total}.

The final answer is: {The pet store has a total of 54 birds}.</s>",54,54.0,54.0
"?  Dave had to wash 9 short sleeve shirts and 27 long sleeve shirts before school. If he had only , washed 20 of them by the ! time school started, how many did he not wash? ","<s> [INST] 
                    Think step by step through the following problem and clearly show each step of your reasoning. Ensure the final answer is clearly indicated by ending with {The final answer is}.
                    question:
                    ?  Dave had to wash 9 short sleeve shirts and 27 long sleeve shirts before school. If he had only , washed 20 of them by the ! time school started, how many did he not wash? 
                 [/INST] To find out how many shirts Dave did not wash, we first need to determine how many shirts he did wash.

1. Dave had to wash 9 short sleeve shirts and 27 long sleeve shirts in total. So, the number of shirts Dave had to wash was: 9 short sleeve shirts + 27 long sleeve shirts = 36 shirts

2. By the time school started, Dave had washed 20 shirts.

3. To find out how many shirts Dave had not washed, we can subtract the number of shirts he had washed from the total number of shirts he had to wash: 36 shirts (total) - 20 shirts (washed) = 16 shirts

{The final answer is 16 shirts}</s>",16,16.0,16.0
" While on vacation, Haley , took 50 pictures at the zoo and 8 at the museum. If she . later deleted 38 of the pictures, how many pictures from her vacation ! did she still have? ","<s> [INST] 
                    Think step by step through the following problem and clearly show each step of your reasoning. Ensure the final answer is clearly indicated by ending with {The final answer is}.
                    question:
                     While on vacation, Haley , took 50 pictures at the zoo and 8 at the museum. If she . later deleted 38 of the pictures, how many pictures from her vacation ! did she still have? 
                 [/INST] Step 1: We know that Haley took a total of 50 pictures at the zoo and 8 pictures at the museum. So, the total number of pictures she took during her vacation is:
Total pictures = Pictures at the zoo + Pictures at the museum
= 50 + 8
= 58

Step 2: It is given that she deleted 38 pictures. So, the number of pictures she has left after deletion is:
Pictures remaining = Total pictures - Deleted pictures
= 58 - 38
= 20

{The final answer is 20}.</s>",20,20.0,20.0
" A florist ; had 5 roses. If she sold 3 of them and then later picked 34 : more, how many roses would she have? ","<s> [INST] 
                    Think step by step through the following problem and clearly show each step of your reasoning. Ensure the final answer is clearly indicated by ending with {The final answer is}.
                    question:
                     A florist ; had 5 roses. If she sold 3 of them and then later picked 34 : more, how many roses would she have? 
                 [/INST] Step 1: The florist started with 5 roses.
Step 2: She sold 3 roses, so the number of roses she had left was 5 - 3 = 2 roses.
Step 3: She then picked 34 more roses, so the total number of roses she now has is 2 (saved roses) + 34 (newly picked roses).

The final answer is: 36 roses.</s>",36,36.0,36.0
" For a birthday party Cody bought 4 regular , sodas and 44 diet sodas. If his fridge would only hold 6 on each shelf, how ? many shelves would ? he fill up? ","<s> [INST] 
                    Think step by step through the following problem and clearly show each step of your reasoning. Ensure the final answer is clearly indicated by ending with {The final answer is}.
                    question:
                     For a birthday party Cody bought 4 regular , sodas and 44 diet sodas. If his fridge would only hold 6 on each shelf, how ? many shelves would ? he fill up? 
                 [/INST] To determine how many shelves Cody would need to fill up with his sodas, we first need to find out how many regular sodas and diet sodas in total he bought. we know that:
1. Cody bought 4 regular sodas.
2. Cody bought 44 diet sodas.

So the total number of sodas Cody bought is:

Total_sodas = 4 (regular) + 44 (diet) = 48

Now we need to find out how many sodas can be placed on one shelf. We're told that each shelf can hold 6 sodas.

Next, let's calculate how many shelves he would need to fill up completely with regular sodas, and afterward, let's see how many shelves would be needed for the diet sodas.

1. Shelves for regular sodas:
Number_of_shelves_for_regular = Total_regular_sodas / Soda_per_shelf
= 4 / 6
= 0.67 (approximately)
Since we cannot have a fraction of a shelf, we would need to round up to the next integer value, which is 2 shelves.

2. Shelves for diet sodas:
Number_of_shelves_for_diet = Total_diet_sodas / Soda_per_shelf
= 44 / 6
= 7.33 (approximately)
Rounding this number up, we get 8 shelves.

Since Cody used up 2 shelves on his regular sodas, we can calculate how many shelves are remaining for the diet sodas, which is:

Total_shelves_needed = Shelves_for_regular + Shelves_for_diet
= 2 + 8 = 10

Therefore, {The final answer is}: Cody would need to fill up 10 shelves in his fridge.</s>",8,8.0,10.0
 The schools debate team ? had 26 ! boys and 46 girls on it. If they were split into groups of 9 how many groups could they make? ,"<s> [INST] 
                    Think step by step through the following problem and clearly show each step of your reasoning. Ensure the final answer is clearly indicated by ending with {The final answer is}.
                    question:
                     The schools debate team ? had 26 ! boys and 46 girls on it. If they were split into groups of 9 how many groups could they make? 
                 [/INST] To find out how many groups the schools debate team can make when splitting into groups of 9, first we need to find out how many people are in total on the team: 26 boys + 46 girls = 72 people

Next, we divide the total number of people by the number of people per group to find out how many groups can be made: 72 people / 9 people per group = 8 groups with a remainder of 3.

However, since the team wants to make full groups of 9, they cannot form an additional group from the remaining 3 people. Instead, they would make 8 groups and have 3 extra people. It's important to note that each group will have 9 members.

Therefore, the final answer is {8 groups}. Unfortunately, the team cannot make an additional full group with the current number of people.</s>",8,8.0,8.0
" The school cafeteria ordered 6 red apples and : 15 green apples for students lunches. But, if only 5 students wanted fruit, : how many extra did the cafeteria end . up with? ","<s> [INST] 
                    Think step by step through the following problem and clearly show each step of your reasoning. Ensure the final answer is clearly indicated by ending with {The final answer is}.
                    question:
                     The school cafeteria ordered 6 red apples and : 15 green apples for students lunches. But, if only 5 students wanted fruit, : how many extra did the cafeteria end . up with? 
                 [/INST] Step 1: The school cafeteria ordered a total of 6 red apples + 15 green apples = 21 apples.
Step 2: Only 5 students wanted fruit, so the cafeteria needed to provide fruit for 5 students.
Step 3: Each student gets one apple, so the cafeteria needed to provide 5 apples.
Step 4: The cafeteria already provided 5 apples (for the students), so they did not use any additional apples for the students.
Step 5: To find the extra apples, we need to subtract the number of apples used for the students from the total number of apples ordered.
Step 6: Extra apples = Total apples - Apples for students = 21 apples - 5 apples = 16 apples.

{The final answer is: The cafeteria ended up with 16 extra apples.}</s>",16,16.0,16.0
 At a company picnic 9 managers and 15 employees decided to start . a game of volleyball. If : they split into 8 teams how many people would be on each ? team? ,"<s> [INST] 
                    Think step by step through the following problem and clearly show each step of your reasoning. Ensure the final answer is clearly indicated by ending with {The final answer is}.
                    question:
                     At a company picnic 9 managers and 15 employees decided to start . a game of volleyball. If : they split into 8 teams how many people would be on each ? team? 
                 [/INST] To find out how many people are on each team when 9 managers and 15 employees are split into 8 teams, follow these steps:

1. Determine the total number of people at the picnic.
Total number of people = Managers + Employees
Total number of people = 9 (managers) + 15 (employees)
Total number of people = 24

2. Find out how many people will be in each team.
People per team = Total number of people / Number of teams
People per team = 24 (total people) / 8 (teams)
People per team = 3 (approximately)

However, since it's not possible to have exactly three-quarter of a person, we need to consider alternative solutions. One possibility is having 7 players per team and adding one extra person to make it a complete team for one of the teams.

3. Calculate how many people will be in each team, considering the additional person for one team.
Total number of people = 24
7 players per team * 7 teams = 49 people
Number of players in the eighth team = Total number of people - (Number of players per team * (Number of teams - 1))
Number of players in the eighth team = 24 - (7 * 7) = 24 - 49 = -25
Since there’s a negative number, we’ve misunderstood something, so let’s try another possibility.

4. Calculate how many players are in each team by subtracting one player from each team (making one team smaller).
People per team = Total number of people / Number of teams
People per team = 24 (total people) / 8 (teams)
People per team ≈ 3 (but we will subtract one)

Based on this calculation, we propose that the teams would ideally consist of 2 players fewer than the initial approximation.

Final answer: {Each team would consist of approximately 1 person less than if they had split evenly. So, there would be around 2 people less per team, resulting in approximately 21 players per team.}

Note: This calculation assumes that all members are able to play volleyball. If some are unable to play, then the number of players per team may be affected accordingly.</s>",3,3.0,21.0
"!  A book store had 4 books in the bargin bin. If they . sold 3 books, but then put 10 more in the bin, how many books would be : in the bin? ","<s> [INST] 
                    Think step by step through the following problem and clearly show each step of your reasoning. Ensure the final answer is clearly indicated by ending with {The final answer is}.
                    question:
                    !  A book store had 4 books in the bargin bin. If they . sold 3 books, but then put 10 more in the bin, how many books would be : in the bin? 
                 [/INST] Step 1: Initially, there were 4 books in the bargain bin at the book store.

Step 2: They sold 3 books, so now there are 4 - 3 = <box>1</box> books left in the bin.

Step 3: They added 10 more books to the bargain bin, so the new number of books in the bin is 1 + 10 = <box>11< /box>.

{The final answer is 11 books in the bin.}</s>",11,11.0,11.0
" Mike made 42 dollars mowing lawns over the : summer. If he spent 10 dollars buying new mower blades, ? how many 8 dollar games could he buy . with the money he had left? ","<s> [INST] 
                    Think step by step through the following problem and clearly show each step of your reasoning. Ensure the final answer is clearly indicated by ending with {The final answer is}.
                    question:
                     Mike made 42 dollars mowing lawns over the : summer. If he spent 10 dollars buying new mower blades, ? how many 8 dollar games could he buy . with the money he had left? 
                 [/INST] Step 1: Determine how much money Mike had left after buying new mower blades.
Mike made 42 dollars mowing lawns.
He spent 10 dollars on new mower blades.
So, the amount of money Mike had left is:
42 dollars (amount he made) - 10 dollars (amount he spent on mower blades) = 32 dollars

Step 2: Calculate how many 8-dollar games Mike could buy with the remaining money.
The number of 8-dollar games Mike could buy is equal to the amount of money he had left divided by the cost of each game:
Number of games = 32 dollars (amount of money left) / 8 dollars (cost of each game)

Step 3: Perform the division operation.
Number of games = 32 / 8 = 4

So, Mike could buy 4 games with the money he had left. {The final answer is 4 games.}</s>",4,4.0,4.0
" A chef needs to cook 13 potatoes. He has already cooked 5. If ! each potato takes 6 minutes to cook, how long will it : take him to cook the rest? . ","<s> [INST] 
                    Think step by step through the following problem and clearly show each step of your reasoning. Ensure the final answer is clearly indicated by ending with {The final answer is}.
                    question:
                     A chef needs to cook 13 potatoes. He has already cooked 5. If ! each potato takes 6 minutes to cook, how long will it : take him to cook the rest? . 
                 [/INST] To find out how long it will take the chef to cook the remaining 8 potatoes, we first need to determine how many minutes he has already spent cooking the first 5 potatoes. Since each potato takes 6 minutes to cook, the chef has spent 5 potatoes * 6 minutes per potato = <<5*6=30>>30 minutes cooking the first 5 potatoes.

Next, we'll find out how long it will take the chef to cook the remaining 8 potatoes. Since the cooking time for each potato is constant at 6 minutes, the chef will need an additional 8 potatoes * 6 minutes per potato = <<8*6=48>>48 minutes to cook the remaining potatoes.

Therefore, {The final answer is: The chef will need an additional 48 minutes to cook the remaining 8 potatoes.}</s>",48,48.0,8.0
" Paige . had 43 math problems and ! 12 science problems for homework. If she finished 44 of ? the problems at school, how many problems did she have to do for homework? ","<s> [INST] 
                    Think step by step through the following problem and clearly show each step of your reasoning. Ensure the final answer is clearly indicated by ending with {The final answer is}.
                    question:
                     Paige . had 43 math problems and ! 12 science problems for homework. If she finished 44 of ? the problems at school, how many problems did she have to do for homework? 
                 [/INST] Let's first find out how many problems Paige had for homework in math and science combined:

1. Paige had 43 math problems and 12 science problems for homework.

To find the total number of homework problems, we just need to add the number of math problems to the number of science problems:

2. Total number of homework problems = Math problems + Science problems
= 43 + 12
= 55

However, in the problem statement, it says that she finished 44 of the problems at school. But, it doesn't specify which type of problems she finished, so we cannot be sure if those were math or science problems.

Regardless, let's calculate how many problems she had left to do based on the given information.

3. Since she finished 44 of the problems at school, the number of problems she still has to do is given by:
Total number of homework problems - Number of problems she finished at school
= 55 - 44
= 11

Therefore, the final answer is: Paige had to do 11 problems for homework. However, this answer assumes that the 44 problems she finished at school were all from her homework. If some of those problems were from a different source (like classroom activities or extra practice), then the number of remaining homework problems would be different.</s>",11,11.0,44.0
" April's discount flowers was having a sale where each flower was 8 dollars. If Vanessa : bought 3 ? roses and 3 daisies, how much did she spend? ","<s> [INST] 
                    Think step by step through the following problem and clearly show each step of your reasoning. Ensure the final answer is clearly indicated by ending with {The final answer is}.
                    question:
                     April's discount flowers was having a sale where each flower was 8 dollars. If Vanessa : bought 3 ? roses and 3 daisies, how much did she spend? 
                 [/INST] To find out how much Vanessa spent, we first need to find out the cost of the roses and the cost of the daisies separately, and then add those costs together.

1. The cost of 3 roses:
- Each rose costs 8 dollars.
- So, the cost of 3 roses is 8 dollars/rose * 3 roses = $24.

2. The cost of 3 daisies:
- Each daisy costs 8 dollars.
- So, the cost of 3 daisies is 8 dollars/daisy * 3 daisies = $24.

3. The total cost of Vanessa's purchase:
- The cost of roses is $24.
- The cost of daisies is $24.
- So, the total cost of Vanessa's purchase is $24 (roses) + $24 (daisies) = $48.

Therefore, the final answer is: Vanessa spent $48 on roses and daisies during April's discount flowers sale.</s>",48,48.0,48.0
" Olivia uploaded 5 pictures from ! her phone and 35 from her camera to facebook. If : she sorted the pics into 8 , different albums with the same amount ; of pics in each album, how many pictures were in each of the albums? ","<s> [INST] 
                    Think step by step through the following problem and clearly show each step of your reasoning. Ensure the final answer is clearly indicated by ending with {The final answer is}.
                    question:
                     Olivia uploaded 5 pictures from ! her phone and 35 from her camera to facebook. If : she sorted the pics into 8 , different albums with the same amount ; of pics in each album, how many pictures were in each of the albums? 
                 [/INST] To find the number of pictures in each album, we first need to find out how many pictures Olivia has in total, and then divide that number by the number of albums.

1. Olivia uploaded 5 pictures from her phone, so she has 5 phone pictures.
2. She uploaded 35 pictures from her camera, so she has 35 camera pictures.
3. Therefore, Olivia has a total of 5 (phone pictures) + 35 (camera pictures) = <<5+35=40>>40 pictures.
4. She wants to put these pictures into 8 different albums, each with the same number of pictures.
5. To find the number of pictures in each album, we divide the total number of pictures by the number of albums. So,

{The final answer is: 40 (total pictures) / 8 (number of albums) = 5 (pictures per album)}

So, each album should have 5 pictures.</s>",5,5.0,5.0
" ! Robin ! was making baggies of cookies with 6 cookies in each bag. If she had 23 chocolate chip cookies and 25 oatmeal cookies, how ; many baggies could she make? ","<s> [INST] 
                    Think step by step through the following problem and clearly show each step of your reasoning. Ensure the final answer is clearly indicated by ending with {The final answer is}.
                    question:
                     ! Robin ! was making baggies of cookies with 6 cookies in each bag. If she had 23 chocolate chip cookies and 25 oatmeal cookies, how ; many baggies could she make? 
                 [/INST] Step 1: First, we need to find out how many cookies Robin has in total. We do this by adding the number of chocolate chip cookies and the number of oatmeal cookies:
Total number of cookies = Chocolate chip cookies + Oatmeal cookies
= 23 + 25
= 48

Step 2: Robin puts 6 cookies in each baggie. So, to find out how many baggies she can make, we divide the total number of cookies by the number of cookies per baggie:
Number of baggies = Total number of cookies / Cookies per baggie
= 48 / 6
= 8

Step 3: Robin can make 8 baggies of cookies.
{The final answer is: She can make 8 baggies of cookies.}</s>",8,8.0,8.0
" Cody had ; 45 dollars. For his birthday he got , 9 more dollars but spent 19 on a new game. How much money does he have now? ","<s> [INST] 
                    Think step by step through the following problem and clearly show each step of your reasoning. Ensure the final answer is clearly indicated by ending with {The final answer is}.
                    question:
                     Cody had ; 45 dollars. For his birthday he got , 9 more dollars but spent 19 on a new game. How much money does he have now? 
                 [/INST] Step 1: Cody started with $45.
Step 2: For his birthday, he received an additional $9.

Step 3: To find out how much money Cody has now, we need to add the amount he started with to the amount he received as a gift and then subtract the amount he spent on the new game.

Step 4: $45 (Cody's starting money) + $9 (birthday gift) = $54
Step 5: $54 (money after receiving gift) - $19 (money spent on game) = $35

{The final answer is: $35}</s>",35,35.0,35.0
" Wendy uploaded 22 ! pictures from her phone and 2 ; from her camera to facebook. If she sorted , the pics into 4 different albums with the ; same amount of pics in each album, how many pictures were in each of the albums? ","<s> [INST] 
                    Think step by step through the following problem and clearly show each step of your reasoning. Ensure the final answer is clearly indicated by ending with {The final answer is}.
                    question:
                     Wendy uploaded 22 ! pictures from her phone and 2 ; from her camera to facebook. If she sorted , the pics into 4 different albums with the ; same amount of pics in each album, how many pictures were in each of the albums? 
                 [/INST] First, we need to find the total number of pictures Wendy uploaded to Facebook. We know she uploaded 22 pictures from her phone and 2 pictures from her camera. so,

Total pictures = Pictures from phone + Pictures from camera
= 22 + 2
= 24

Next, we need to determine how many pictures should go into each album if there are to be 4 albums with an equal number of pictures in each. Since there are 24 pictures in total, we can divide this number by 4 to find out how many pictures will be in each album:

Pictures per album = Total pictures / Number of albums
= 24 / 4
= 6

Therefore, {The final answer is each album contained 6 pictures}.</s>",6,6.0,6.0
" For Halloween Katie and her sister combined the candy they received. Katie . had 8 pieces of candy while her sister had 23. If they ate 8 pieces the first night, how many ? pieces : do they have left? ","<s> [INST] 
                    Think step by step through the following problem and clearly show each step of your reasoning. Ensure the final answer is clearly indicated by ending with {The final answer is}.
                    question:
                     For Halloween Katie and her sister combined the candy they received. Katie . had 8 pieces of candy while her sister had 23. If they ate 8 pieces the first night, how many ? pieces : do they have left? 
                 [/INST] Step 1: Find the total number of candies Katie and her sister had before they ate any.
Katie had 8 pieces, and her sister had 23. So, the total number of candies they had was:

Total candies = Candies Katie had + Candies her sister had
Total candies = 8 + 23
Total candies = 31

Step 2: Find out how many candies they ate the first night.
They ate 8 pieces together.

Step 3: Subtract the candies they ate from the total number of candies they had.

Remaining candies = Total candies - Candies eaten
Remaining candies = 31 - 8
Remaining candies = 23

{The final answer is: They have 23 pieces of candy left.}</s>",23,23.0,23.0
 A pet store had 88 puppies. In one day they sold 34 of them and put ? the ! rest into cages with 6 in each ; cage. How many cages did they use? ,"<s> [INST] 
                    Think step by step through the following problem and clearly show each step of your reasoning. Ensure the final answer is clearly indicated by ending with {The final answer is}.
                    question:
                     A pet store had 88 puppies. In one day they sold 34 of them and put ? the ! rest into cages with 6 in each ; cage. How many cages did they use? 
                 [/INST] To find out how many cages the pet store used, we first need to determine how many puppies they have left after selling 34.

1. The pet store had 88 puppies in total.
2. They sold 34 of them, so the number of puppies they have left is: 88 (total) - 34 (sold) = 54

Next, we need to figure out how many puppies fit into one cage. Each cage can hold 6 puppies.

3. To find out how many cages they need, we divide the total number of remaining puppies by the number of puppies that can fit into one cage.
4. Calculation: 54 (remaining puppies) / 6 (puppies per cage)

{The final answer is: Approximately 9 cages (as the result from the division is not an exact number and may need to be rounded up to ensure all puppies are accommodated)}.

However, to ensure that all the remaining puppies find a cage, we might need to round up to the nearest whole number, making it 10 cages. (You can use the largest number of cages that can accommodate the remaining number of puppies without wasting space)

Therefore, the pet store used 10 cages for the resting puppies.</s>",9,9.0,10.0
" Jerry was helping the cafeteria workers : pick . up lunch ? trays, but he could only carry 8 trays at a time. If he had to pick up 9 trays from one table and 7 trays from another, how many trips ? will he make? ","<s> [INST] 
                    Think step by step through the following problem and clearly show each step of your reasoning. Ensure the final answer is clearly indicated by ending with {The final answer is}.
                    question:
                     Jerry was helping the cafeteria workers : pick . up lunch ? trays, but he could only carry 8 trays at a time. If he had to pick up 9 trays from one table and 7 trays from another, how many trips ? will he make? 
                 [/INST] To find the number of trips Jerry needs to make, we first need to determine how many trays he can carry in one trip and how many trays are at each table.

1. Jerry can carry 8 trays at a time.
2. From the first table, he has to pick up 9 trays.
3. From the second table, he has to pick up 7 trays.

To find out how many trips Jerry needs to make for the first table, we divide the number of trays at the first table by the number of trays he can carry in one trip:

1 Trip for the first table = Trays at the first table / Trays per trip
= 9 trays / 8 trays
≈ 1.125 trips

Since he cannot make a fraction of a trip, Jerry will need to make an additional trip for the remaining trays at the first table:

Trips for the first table = 1 (full trip) + 1 (remaining trays) = 2 trips

Similarly, we can find the number of trips Jerry needs to make for the second table:

Trips for the second table = Trays at the second table / Trays per trip
= 7 trays / 8 trays
≈ 0.875 trips

Again, since he cannot make a fraction of a trip, Jerry will need to make another trip for the remaining trays at the second table:

Trips for the second table = 1 (full trip) + 1 (remaining trays) = 2 trips

Finally, we add the number of trips for both tables to find the total number of trips Jerry will make:

Total trips = Trips for the first table + Trips for the second table
= 2 + 2
= 4 trips

{The final answer is: Jerry will make 4 trips.}</s>",2,2.0,4.0
" Faye was playing a video game where : she scores 7 points for each treasure she finds. If she found 2 treasures on the first level and 6 on ! the second, what would her score ! be? ","<s> [INST] 
                    Think step by step through the following problem and clearly show each step of your reasoning. Ensure the final answer is clearly indicated by ending with {The final answer is}.
                    question:
                     Faye was playing a video game where : she scores 7 points for each treasure she finds. If she found 2 treasures on the first level and 6 on ! the second, what would her score ! be? 
                 [/INST] To find Faye's score, we need to calculate the number of treasures she found on each level and then multiply that number by the points she earns for each treasure.

Step 1: Find the number of treasures Faye found on the first level.
{Faye found 2 treasures on the first level.}

Step 2: Find the number of treasures Faye found on the second level.
{Faye found 6 treasures on the second level.}

Step 3: Multiply the number of treasures on each level by the points earned for each treasure.

For the first level:
Points earned = Number of treasures * Points per treasure
              = 2 * 7
              = 14

For the second level:
Points earned = Number of treasures * Points per treasure
              = 6 * 7
              = 42

Step 4: Add the points earned on each level to find Faye's total score.

Total Score = Points earned on Level 1 + Points earned on Level 2
           = 14 + 42
           = 56

{The final answer is: Faye's score is 56 points.}</s>",56,56.0,56.0
" Megan picked 19 carrots from her garden. If she threw out 4 of them ? and then picked 46 more , the next day, ? how many carrots would she have total? ","<s> [INST] 
                    Think step by step through the following problem and clearly show each step of your reasoning. Ensure the final answer is clearly indicated by ending with {The final answer is}.
                    question:
                     Megan picked 19 carrots from her garden. If she threw out 4 of them ? and then picked 46 more , the next day, ? how many carrots would she have total? 
                 [/INST] Step 1: Megan picked 19 carrots from her garden on the first day.

Step 2: She threw out 4 of those carrots. So, the number of carrots she had after discarding some is:
19 (carrots picked) - 4 (carrots thrown out) = 15 carrots

Step 3: The next day, Megan picked an additional 46 carrots.

Step 4: To find the total number of carrots Megan now has, we just need to add the number of carrots she had after discarding some (from Step 2) to the number she picked the next day (from Step 3):
Total carrots = Carrots after discarding + Carrots picked next day
Total carrots = 15 + 46 = 61 carrots

{The final answer is 61 carrots.}</s>",61,61.0,61.0
 Wendy had 82 files on her computer. She deleted 37 of them and put the rest into folders with ? 5 files in each one. How many folders did Wendy end : up . with? ,"<s> [INST] 
                    Think step by step through the following problem and clearly show each step of your reasoning. Ensure the final answer is clearly indicated by ending with {The final answer is}.
                    question:
                     Wendy had 82 files on her computer. She deleted 37 of them and put the rest into folders with ? 5 files in each one. How many folders did Wendy end : up . with? 
                 [/INST] Step 1: We know that Wendy had 82 files in total.
Step 2: She deleted 37 files, which leaves her with 82 - 37 = <ins>45 files</ins>.
Step 3: We're told that each folder contains 5 files.
Step 4: To find out how many folders Wendy ended up with, we divide the number of remaining files by the number of files per folder: 45files / 5files/folder = <ins>9folders</ins>.

However, there seems to be a mistake in the problem statement. If each folder contains 5 files and Wendy ends up with 9 folders, that would mean she has 5 * 9 = 45 files in total, which contradicts the initial information that she had 82 files to begin with. It's worth double-checking the problem statement before proceeding further.

Therefore, the solution provided above might not be valid due to the inconsistency in the problem statement. Nonetheless, if we assume that there is an error in the question, and Wendy indeed had 45 files left after deleting 37, then the final answer would be:

{The final answer is: Wendy ended up with 9 folders.}</s>",9,9.0,9.0
" There school's baseball team had 12 new players : and 44 returning players. If the coach put them into ? groups with 8 players in each group, how many . groups would there be? ","<s> [INST] 
                    Think step by step through the following problem and clearly show each step of your reasoning. Ensure the final answer is clearly indicated by ending with {The final answer is}.
                    question:
                     There school's baseball team had 12 new players : and 44 returning players. If the coach put them into ? groups with 8 players in each group, how many . groups would there be? 
                 [/INST] To find out how many groups the coach can form with 12 new players and 44 returning players, first let's find out how many players there are in total:

Total players = New players + Returning players
=> Total players = 12 + 44
=> Total players = 56

Now, let's determine how many players are in each group:
Each group has 8 players.

To find out how many groups the coach can form, divide the total number of players by the number of players in each group:

Number of groups = Total players / Players per group
=> Number of groups = 56 / 8

We cannot divide by 8 directly because 56 is not an exact multiple of 8, so we need to perform some calculations to find out the remainder and number of full groups that can be formed.

First, find the quotient:
=> Quotient = Total players / Players per group
=> Quotient = 56 / 8
=> Quotient = 7 with a remainder of 0 (This is incorrect, the quotient is 7 with a remainder of 2. We assumed there were 12 new players instead of 4. Apologies for the mistake in my initial calculation).

As there is a remainder of 2, we need one more group, which will have less than 8 players:

Number of groups = Quotient + (Remainder / Players per group)
=> Number of groups = 7 + (2 / 8)
=> Number of groups = 7 + 0.25 (since 2/8 = 0.25)
=> Number of groups = 8 ( Rounded to the nearest group size, since a group must contain at least 8 players).

The final answer is: 8 groups.</s>",7,7.0,8.0
" ? Will made 104 dollars mowing lawns over the summer. If he spent ? 41 dollars buying new mower blades, how many 9 . dollar games could he buy with the money he had left? ","<s> [INST] 
                    Think step by step through the following problem and clearly show each step of your reasoning. Ensure the final answer is clearly indicated by ending with {The final answer is}.
                    question:
                     ? Will made 104 dollars mowing lawns over the summer. If he spent ? 41 dollars buying new mower blades, how many 9 . dollar games could he buy with the money he had left? 
                 [/INST] Step 1: Find out how much money Will had left after spending on mower blades.
Will earned $104 over the summer. He spent $41 on mower blades.
So, the amount of money left with Will is:
$104 (amount earned) - $41 (amount spent)

Step 2: Calculate the remaining amount of money.
$104 - $41 = $63

Step 3: Determine how many 9-dollar games Will could buy with the remaining money.
Each game costs $9. To find out how many games Will could buy, divide the remaining amount of money by the cost of each game.

$63 / $9 = 7

{The final answer is: Will could buy 7 games with the remaining money.}</s>",7,7.0,7.0
" Nancy : picked 12 carrots from her garden. If she threw out 2 of them and . then picked 21 more the next day, how many carrots would : she have total? ","<s> [INST] 
                    Think step by step through the following problem and clearly show each step of your reasoning. Ensure the final answer is clearly indicated by ending with {The final answer is}.
                    question:
                     Nancy : picked 12 carrots from her garden. If she threw out 2 of them and . then picked 21 more the next day, how many carrots would : she have total? 
                 [/INST] To find the total number of carrots Nancy had after picking more on the next day, we need to follow these steps:

1. Nancy initially picked 12 carrots from her garden.
2. She threw out 2 of those carrots, leaving her with 10 carrots.
3. The next day, she picked 21 more carrots.
4. To find the total number of carrots Nancy has, we add the carrots she initially picked and the carrots she picked on the next day.

Therefore, the final answer is:

{The final answer is: 10 (initial) + 21 (next day) = 31 carrots}</s>",31,31.0,31.0
 Roger had 16 dollars. For his birthday he got 28 more dollars but spent 25 on a new game. How ? much money . does he have now? ,"<s> [INST] 
                    Think step by step through the following problem and clearly show each step of your reasoning. Ensure the final answer is clearly indicated by ending with {The final answer is}.
                    question:
                     Roger had 16 dollars. For his birthday he got 28 more dollars but spent 25 on a new game. How ? much money . does he have now? 
                 [/INST] Step 1: Roger started with 16 dollars.
Step 2: He received an additional 28 dollars for his birthday.
Step 3: He spent 25 dollars on a new game.

Step 4: To find out how much money Roger has now, we need to add the amount he received for his birthday to the amount he started with, and then subtract the amount he spent on the game.

Step 5: money_now = initial_amount + amount_received - amount_spent

Step 6: money_now = 16 + 28 - 25

Step 7: money_now = 37 - 25

Step 8: money_now = 12

{The final answer is: Roger now has 12 dollars.}</s>",19,19.0,12.0
" Sam ; was collecting cans for recycling. . On Saturday he filled 3 bags up and on Sunday he filled 4 more bags. If ! each bag had 9 cans in it, how many cans did he pick up total? ","<s> [INST] 
                    Think step by step through the following problem and clearly show each step of your reasoning. Ensure the final answer is clearly indicated by ending with {The final answer is}.
                    question:
                     Sam ; was collecting cans for recycling. . On Saturday he filled 3 bags up and on Sunday he filled 4 more bags. If ! each bag had 9 cans in it, how many cans did he pick up total? 
                 [/INST] Step 1: On Saturday, Sam filled 3 bags with cans. Each bag held 9 cans. So, on Saturday, Sam picked up 3 bags * 9 cans/bag = <<3*9=27>>27 cans.

Step 2: On Sunday, Sam filled 4 more bags with cans. Again, each bag held 9 cans. So, on Sunday, Sam picked up 4 bags * 9 cans/bag = <<4*9=36>>36 cans.

Step 3: To find the total number of cans that Sam picked up, simply add the number of cans he picked up on Saturday and the number of cans he picked up on Sunday.

Total cans = Cans on Saturday + Cans on Sunday = 27 cans + 36 cans = <<27+36=63>>63 cans.

{The final answer is 63 cans}.</s>",63,63.0,63.0
" A worksheet had 4 problems on it. If ; a teacher had 16 worksheets ! to grade and had , already graded 8 of them, how many more problems does she have to grade? ","<s> [INST] 
                    Think step by step through the following problem and clearly show each step of your reasoning. Ensure the final answer is clearly indicated by ending with {The final answer is}.
                    question:
                     A worksheet had 4 problems on it. If ; a teacher had 16 worksheets ! to grade and had , already graded 8 of them, how many more problems does she have to grade? 
                 [/INST] Step 1: Find out how many problems the teacher has graded.
Each worksheet has 4 problems. The teacher has graded 8 worksheets, so she has graded:
4 problems/worksheet * 8 worksheets = {24 problems}

Step 2: Determine how many problems the teacher still needs to grade.
The teacher has 16 worksheets in total. She has already graded 8 of them, so she still needs to grade:
16 worksheets * 4 problems/worksheet - 8 worksheets * 4 problems/worksheet = {64 - 32 = 32 problems}

The final answer is: {The teacher has to grade 32 more problems}.</s>",32,32.0,32.0
 Paige was unboxing some of : her old winter clothes. She found 6 boxes of clothing and inside each box there were 5 scarves and 5 mittens. ! How many ? pieces of winter clothing did Paige have total? ,"<s> [INST] 
                    Think step by step through the following problem and clearly show each step of your reasoning. Ensure the final answer is clearly indicated by ending with {The final answer is}.
                    question:
                     Paige was unboxing some of : her old winter clothes. She found 6 boxes of clothing and inside each box there were 5 scarves and 5 mittens. ! How many ? pieces of winter clothing did Paige have total? 
                 [/INST] To find the total number of pieces of winter clothing that Paige has, we first need to find out how many scarves and mittens are in each box. We know that there are 5 scarves and 5 mittens in each box.

Next, we need to find out how many boxes Paige found in total. She found 6 boxes.

To find the total number of scarves, we can multiply the number of scarves in each box by the number of boxes:

Total scarves = Number of scarves per box * Number of boxes
Total scarves = 5 scarves/box * 6 boxes
Total scarves = 30 scarves

To find the total number of mittens, we do the same:

Total mittens = Number of mittens per box * Number of boxes
Total mittens = 5 mittens/box * 6 boxes
Total mittens = 30 mittens

Finally, to find the total number of pieces of winter clothing, we can add the number of scarves and mittens together:

Total clothing = Total scarves + Total mittens
Total clothing = 30 scarves + 30 mittens
Total clothing = 60 pieces

{The final answer is 60 pieces of winter clothing}.</s>",60,60.0,60.0
" A chef needs to cook 12 potatoes. He has : already cooked 6. If each potato takes 6 minutes to cook, : how long will it take ? him to cook the rest? ","<s> [INST] 
                    Think step by step through the following problem and clearly show each step of your reasoning. Ensure the final answer is clearly indicated by ending with {The final answer is}.
                    question:
                     A chef needs to cook 12 potatoes. He has : already cooked 6. If each potato takes 6 minutes to cook, : how long will it take ? him to cook the rest? 
                 [/INST] To find out how long it takes for the chef to cook the remaining 6 potatoes, we can follow these steps:

1. We know that 6 potatoes have already been cooked, and each potato takes 6 minutes to cook. So, the time taken to cook the first 6 potatoes is: 6 potatoes * 6 minutes/potato = 36 minutes.

2. Therefore, the remaining number of potatoes to be cooked is: 12 potatoes - 6 potatoes = 6 potatoes.

3. Since we know that each potato takes 6 minutes to cook, the time needed to cook the remaining 6 potatoes is: 6 potatoes * 6 minutes/potato = 36 minutes.

The final answer is: It will take the chef an additional 36 minutes to cook the rest of the potatoes.</s>",36,36.0,36.0
" Luke was selling his old games. He started ! out with 57 but sold 39 of them. He packed the rest up putting 2 games into each box. , How many boxes did he , have to use? ","<s> [INST] 
                    Think step by step through the following problem and clearly show each step of your reasoning. Ensure the final answer is clearly indicated by ending with {The final answer is}.
                    question:
                     Luke was selling his old games. He started ! out with 57 but sold 39 of them. He packed the rest up putting 2 games into each box. , How many boxes did he , have to use? 
                 [/INST] To find out how many boxes Luke used, we first need to determine how many games he had left after selling 39.

Step 1: Find out how many games Luke had left after selling 39.
Luke started out with 57 games, and he sold 39 of them. So the number of games Luke had left is:
57 (total games) - 39 (games sold) = 18 games

Step 2: Determine how many games can fit into one box.
We know that Luke put 2 games into each box. So the number of games one box can hold is:
1 (box) × 2 (games per box) = 2 games

Step 3: Find out how many boxes Luke needed to use to store the remainder of his games.
To do this, we divide the number of remaining games by the number of games per box:
18 (remaining games) / 2 (games per box)

Step 4: Calculate the number of boxes needed.
The result of the division in step 3 is the number of boxes required:
18 ÷ 2 = 9

So, Luke needed to use {9 boxes} to store the remainder of his games.</s>",9,9.0,9.0
" April's discount flowers was ! having a sale where each flower was 3 dollars. ? If Emily bought 2 roses and 2 daisies, how much did she spend? ","<s> [INST] 
                    Think step by step through the following problem and clearly show each step of your reasoning. Ensure the final answer is clearly indicated by ending with {The final answer is}.
                    question:
                     April's discount flowers was ! having a sale where each flower was 3 dollars. ? If Emily bought 2 roses and 2 daisies, how much did she spend? 
                 [/INST] First, we need to determine how much each type of flower costs during the sale. We know that each flower costs $3, but we don't have enough information to determine if the discount applies to just the sale price or if it's applied to the regular price and the sale price is then $3. However, we can calculate the cost of the flowers Emily bought based on the information given.

Next, we can find the cost of the roses and daisies that Emily bought. Since she bought 2 roses, the cost of the roses is 2 multiplied by $3 per rose.

Cost of roses = 2 * $3
Cost of roses = $6

Similarly, since she bought 2 daisies, the cost of the daisies is 2 multiplied by $3 per daisy.

Cost of daisies = 2 * $3
Cost of daisies = $6

Finally, to find the total amount Emily spent on flowers, we add the cost of the roses and the cost of the daisies.

Total amount spent = Cost of roses + Cost of daisies
Total amount spent = $6 + $6
Total amount spent = $12

So, Emily spent $12 on flowers during the sale at April's discount flowers. {The final answer is $12.}</s>",12,12.0,12.0
" A pet store had 13 puppies. In one day they sold 7 of them and put the rest into cages with 2 in : each cage. How , many cages did they , use? ","<s> [INST] 
                    Think step by step through the following problem and clearly show each step of your reasoning. Ensure the final answer is clearly indicated by ending with {The final answer is}.
                    question:
                     A pet store had 13 puppies. In one day they sold 7 of them and put the rest into cages with 2 in : each cage. How , many cages did they , use? 
                 [/INST] To determine how many cages the pet store used, we first need to find out how many puppies they had left after selling 7.

Step 1: Find the number of puppies left.
The pet store had 13 puppies originally, and they sold 7. So, the number of puppies left is:

13 (original number of puppies) - 7 (number sold) = 6 puppies

Step 2: Determine how many puppies fit in one cage.
The pet store put the remaining puppies into cages with 2 puppies in each cage.

Step 3: Calculate the number of cages needed.
To find out how many cages the pet store used, divide the number of remaining puppies by the number of puppies per cage:

Number of cages = Number of remaining puppies / Number of puppies per cage
Number of cages = 6 puppies / 2 puppies per cage

Step 4: Perform the division calculation.

Number of cages = 3

So, the pet store used 3 cages for the remaining puppies.

{The final answer is 3 cages.}</s>",3,3.0,3.0
" Faye and ? her mom were picking carrots from their garden. Faye picked . 23 and her mother picked 5. If only 12 of the carrots were good, how , many bad carrots did they have? ","<s> [INST] 
                    Think step by step through the following problem and clearly show each step of your reasoning. Ensure the final answer is clearly indicated by ending with {The final answer is}.
                    question:
                     Faye and ? her mom were picking carrots from their garden. Faye picked . 23 and her mother picked 5. If only 12 of the carrots were good, how , many bad carrots did they have? 
                 [/INST] To find out how many bad carrots there were, we first need to determine the total number of carrots they picked that were not good. We know that Faye picked 0.23 × some number of carrots and her mother picked 5 carrots, and only 12 carrots were good. Let's call the number of carrots in the garden ""x.""

1. Faye picked 0.23 × x carrots: 0.23 × x = 0.23x (multiplying x by 0.23)
2. Her mother picked 5 carrots
3. A total of 12 carrots were good
4. The number of bad carrots is the total number of carrots they picked minus the number of good carrots: x (Faye's carrots) + 5 (her mother's carrots) - 12 (good carrots)
5. Substitute 0.23x from step 1 into the equation from step 4: 0.23x + 5 - 12
6. Simplify and solve for x: 0.23x + 5 - 12 = 0.23x + 4.7 = 0.23x - 7.3
7. Divide by 0.23: x = 31.65
8. Since the number of carrots must be a whole number, there is an error in the problem statement. In the original scenario, there are not enough carrots for both Faye and her mother to pick, given that only 12 were good.

The final answer is undefined, given the error in the problem statement.</s>",16,16.0,12.0
" Isabel picked 66 flowers . for her friend’s wedding. She was : making bouquets with 8 flowers in each one. If 10 of the : flowers wilted before the wedding, how many bouquets could she still make? ","<s> [INST] 
                    Think step by step through the following problem and clearly show each step of your reasoning. Ensure the final answer is clearly indicated by ending with {The final answer is}.
                    question:
                     Isabel picked 66 flowers . for her friend’s wedding. She was : making bouquets with 8 flowers in each one. If 10 of the : flowers wilted before the wedding, how many bouquets could she still make? 
                 [/INST] Step 1: Find out how many bouquets Isabel made with the 66 flowers she picked. Since each bouquet contained 8 flowers, we divide the total number of flowers by the number of flowers per bouquet:

Number of Bouquets = Total Flowers / Flowers per Bouquet
Number of Bouquets = 66 / 8
Number of Bouquets = 8.25

Since Isabel can't make a fraction of a bouquet, we'll round down to 8 bouquets she initially made.

Step 2: Determine how many bouquets Isabel actually made using the remaining flowers after the wilted ones were removed. Since 10 flowers wilted, she had 56 flowers left:

Remaining Bouquets = Total Flowers - Wilted Flowers / Flowers per Bouquet
Remaining Bouquets = 56 / 8
Remaining Bouquets = 7

So, Isabel could make 7 bouquets with the remaining flowers. {The final answer is 7 bouquets}</s>",7,7.0,7.0
" At the town carnival ; Oliver rode ! the ferris wheel 5 times and the bumper cars 4 times. If each ride ; cost 7 tickets, how many tickets did he use? ","<s> [INST] 
                    Think step by step through the following problem and clearly show each step of your reasoning. Ensure the final answer is clearly indicated by ending with {The final answer is}.
                    question:
                     At the town carnival ; Oliver rode ! the ferris wheel 5 times and the bumper cars 4 times. If each ride ; cost 7 tickets, how many tickets did he use? 
                 [/INST] Step 1: Find out how many tickets Oliver used for the ferris wheel rides.
Since Oliver rode the ferris wheel 5 times and each ride costs 7 tickets, we can find the number of tickets used for the ferris wheel rides by multiplying the number of rides by the number of tickets used per ride.

Tickets for ferris wheel = Rides on ferris wheel * Tickets per ride
= 5 rides * 7 tickets
= 35 tickets

Step 2: Find out how many tickets Oliver used for the bumper cars rides.
Since Oliver rode the bumper cars 4 times and each ride costs 7 tickets, we can find the number of tickets used for the bumper cars rides by multiplying the number of rides by the number of tickets used per ride.

Tickets for bumper cars = Rides on bumper cars * Tickets per ride
= 4 rides * 7 tickets
= 28 tickets

Step 3: Find out the total number of tickets Oliver used.
We can find the total number of tickets used by Oliver by adding the number of tickets used for the ferris wheel rides and the number of tickets used for the bumper cars rides.

Total tickets = Tickets for ferris wheel + Tickets for bumper cars
= 35 tickets + 28 tickets
= 63 tickets

Therefore, {The final answer is, Oliver used 63 tickets at the carnival.}</s>",63,63.0,63.0
" Wendy bought 4 new ! chairs and 4 new tables for her house. If she spent 6 minutes ? on each piece furniture putting it together, how many minutes did it take her ? to finish? ","<s> [INST] 
                    Think step by step through the following problem and clearly show each step of your reasoning. Ensure the final answer is clearly indicated by ending with {The final answer is}.
                    question:
                     Wendy bought 4 new ! chairs and 4 new tables for her house. If she spent 6 minutes ? on each piece furniture putting it together, how many minutes did it take her ? to finish? 
                 [/INST] Step 1: We are given that Wendy bought 4 new chairs and 4 new tables.

Step 2: It takes her 6 minutes to put together one piece of furniture (either a chair or a table).

Step 3: To find out how long it takes her to put together all the chairs, we multiply the number of chairs by the time it takes to put together one chair: 4 chairs × 6 minutes/chair = 24 minutes

Step 4: To find out how long it takes her to put together all the tables, we multiply the number of tables by the time it takes to put together one table: 4 tables × 6 minutes/table = 24 minutes

Step 5: Since she put together all the chairs first and then all the tables, we add the time it took to put together the chairs to the time it took to put together the tables: 24 minutes (chair time) + 24 minutes (table time) = 48 minutes

The final answer is: It took Wendy 48 minutes to put together all the new chairs and tables.</s>",48,48.0,48.0
" Ned was : trying to expand his game collection. He bought 50 games from a friend and bought 27 more at a garage sale. If 74 of the games didn't work, how many ? good games ; did he end up with? ? ","<s> [INST] 
                    Think step by step through the following problem and clearly show each step of your reasoning. Ensure the final answer is clearly indicated by ending with {The final answer is}.
                    question:
                     Ned was : trying to expand his game collection. He bought 50 games from a friend and bought 27 more at a garage sale. If 74 of the games didn't work, how many ? good games ; did he end up with? ? 
                 [/INST] To find out how many good games Ned ended up with, we first need to determine how many games in total he bought and how many of them are not working.

Step 1: Find the total number of games Ned bought.
Ned bought games from his friend and at a garage sale. Let's represent the number of games he bought from his friend with the variable F and the number of games he bought at the garage sale with the variable G.

Total number of games = F + G

From the problem, we know that F = 50 and G = 27.

Total number of games = 50 + 27 = 77

Step 2: Find out how many games don't work.
The problem states that 74 of the games didn't work.

Number of bad games = 74

Step 3: Determine the number of good games Ned has.
To find the number of good games, we subtract the number of bad games from the total number of games.

Good games = Total number of games - Number of bad games

Good games = 77 - 74 = 3

{The final answer is: Ned ended up with 3 good games.}</s>",3,3.0,3.0
 A pet store had 38 siamese cats : and 25 house cats. During a sale ? they sold 45 cats. How many cats do they have left? ,"<s> [INST] 
                    Think step by step through the following problem and clearly show each step of your reasoning. Ensure the final answer is clearly indicated by ending with {The final answer is}.
                    question:
                     A pet store had 38 siamese cats : and 25 house cats. During a sale ? they sold 45 cats. How many cats do they have left? 
                 [/INST] Step 1: Determine how many cats of each type were sold.
 Since there were 38 siamese cats and 25 house cats in the pet store, and they sold a total of 45 cats, we can find out how many of each type were sold by finding the number of siamese cats and house cats sold.

 For the siamese cats, we have:
 - Number of siamese cats initially: 38
 - Number of siamese cats sold: Unknown
 So we can set up the equation: 38 (initial number) = 38 (initial number) - x (number of siamese cats sold) + 45 (number of cats sold)

 Solving this equation yields:
 x = 11

 So, 11 siamese cats were sold.

 Similarly, for the house cats, the equation is:
 - Number of house cats initially: 25
 - Number of house cats sold: Unknown
 So we have: 25 (initial number) = 25 (initial number) - y (number of house cats sold) + 45 (number of cats sold)

 Solving this equation yields:
 y = 18

 So, 18 house cats were sold.

 Step 2: Calculate the total number of cats sold.
 Total number of cats sold = (Number of siamese cats sold) + (Number of house cats sold)
  = 11 + 18
  = 29

 Step 3: Determine the number of cats remaining.
 The pet store had 38 + 25 = 63 cats initially, so the number of cats remaining is:

 Number of cats remaining = Total number of initial cats - Total number of cats sold
 = 63 (total initial cats) - 29 (total cats sold)
 = 34

 {The final answer is 34}.</s>",18,18.0,34.0
" Carol . was playing a trivia game. In the first round she scored . 17 points and in , the second round she ! scored 6 points. In the last round she lost 16 points. How many points did she have at the end of the game? ","<s> [INST] 
                    Think step by step through the following problem and clearly show each step of your reasoning. Ensure the final answer is clearly indicated by ending with {The final answer is}.
                    question:
                     Carol . was playing a trivia game. In the first round she scored . 17 points and in , the second round she ! scored 6 points. In the last round she lost 16 points. How many points did she have at the end of the game? 
                 [/INST] To find out how many points Carol had at the end of the game, we first need to find out how many points she scored in total during the first two rounds and then subtract the points she lost in the last round from that number.

Step 1: Find the total number of points Carol scored in the first two rounds.
Carol scored 17 points in the first round and lost 6 points in the second round. So, the total number of points she scored in the first two rounds is:
Total points in the first two rounds = Points scored in the first round + Points scored in the second round
Total points in the first two rounds = 17 points + (0 points - 6 points)
Total points in the first two rounds = 17 points + (-6 points)
Total points in the first two rounds = 11 points

Step 2: Find the total number of points Carol had at the end of the game by subtracting the points she lost in the last round from the total number of points she scored in the first two rounds.
Total points at the end of the game = Total points in the first two rounds - Points lost in the last round
Total points at the end of the game = 11 points - 16 points
Total points at the end of the game = -5 points

However, it's not possible for someone to have a negative number of points. This indicates that there might be an error in the problem statement. It's likely that the number of points lost in the last round was entered incorrectly, and it should have been a gain of 16 points instead.

To find the correct answer, the calculation should be:

Total points at the end of the game = Total points in the first two rounds + Points gained in the last round
Total points at the end of the game = 11 points + 16 points
Total points at the end of the game = 27 points

{The final answer is: Carol had 27 points at the end of the game.}</s>",7,7.0,27.0
".  Dave bought 12 boxes of chocolate candy and , gave 5 to his little brother. If each box has 3 . pieces inside it, how many pieces did Dave still have? ","<s> [INST] 
                    Think step by step through the following problem and clearly show each step of your reasoning. Ensure the final answer is clearly indicated by ending with {The final answer is}.
                    question:
                    .  Dave bought 12 boxes of chocolate candy and , gave 5 to his little brother. If each box has 3 . pieces inside it, how many pieces did Dave still have? 
                 [/INST] Step 1: Dave bought 12 boxes of chocolate candy, so the total number of pieces he originally had is:
12 boxes * 3 pieces/box = 36 pieces

Step 2: Dave gave 5 boxes to his little brother, so the number of pieces he gave away is:
5 boxes * 3 pieces/box = 15 pieces

Step 3: To find out how many pieces Dave still has, subtract the number of pieces he gave away from the original number of pieces:
36 pieces (original) - 15 pieces (given away) = 21 pieces

The final answer is: Dave still had 21 pieces of chocolate candy.</s>",21,21.0,21.0
" A waiter at 'The Greasy Spoon' restaurant had 39 customers to wait on. ; During the lunch rush he added another 12 customers. If 49 , of the ? customers didn't leave him a tip, how many customers did leave , a tip? ","<s> [INST] 
                    Think step by step through the following problem and clearly show each step of your reasoning. Ensure the final answer is clearly indicated by ending with {The final answer is}.
                    question:
                     A waiter at 'The Greasy Spoon' restaurant had 39 customers to wait on. ; During the lunch rush he added another 12 customers. If 49 , of the ? customers didn't leave him a tip, how many customers did leave , a tip? 
                 [/INST] To find the number of customers who left a tip, we first need to determine how many customers the waiter had in total during the lunch rush.

Step 1: The waiter had 39 customers to begin with.

Step 2: During the lunch rush, an additional 12 customers arrived, making the total number of customers: 39 + 12 = 51

Step 3: However, we know that 49 customers didn't leave a tip.

Step 4: Therefore, the number of customers who did leave a tip is the total number of customers minus the number of customers who didn't leave a tip: 51 - 49 = 2 customers

The final answer is: 2 customers left a tip.</s>",2,2.0,2.0
" The cafeteria had 50 ! apples. ! For lunch they handed out 5 to students and decided to use the rest to ; make pies. If each pie takes 5 apples, how many pies could they make? ","<s> [INST] 
                    Think step by step through the following problem and clearly show each step of your reasoning. Ensure the final answer is clearly indicated by ending with {The final answer is}.
                    question:
                     The cafeteria had 50 ! apples. ! For lunch they handed out 5 to students and decided to use the rest to ; make pies. If each pie takes 5 apples, how many pies could they make? 
                 [/INST] Step 1: We know the cafeteria had 50! apples (50 factorial, which is the product of all positive integers up to 50). But to calculate the number of pies that can be made, we don't really need all these apples, so let's figure out how many pies could be made using the remainder of the apples after handing out 5 to students.

Step 2: The cafeteria handed out 5 apples to students, so they have:
50 ! - 5 = 50 ! - 1 * 5 = 50 * 49 = 2450 apples left

Step 3: Each pie takes 5 apples, so the number of pies that can be made is:
2450 apples / 5 apples per pie = 490 pies

{The final answer is 490 pies}.</s>",9,9.0,490.0
" Oliver had 33 dollars in January. By March he ! had spent 4 dollars. . If he got another 32 dollars from his mom, how much money would he ; have? ","<s> [INST] 
                    Think step by step through the following problem and clearly show each step of your reasoning. Ensure the final answer is clearly indicated by ending with {The final answer is}.
                    question:
                     Oliver had 33 dollars in January. By March he ! had spent 4 dollars. . If he got another 32 dollars from his mom, how much money would he ; have? 
                 [/INST] Step 1: In January, Oliver had 33 dollars.

Step 2: By March, Oliver had spent 4 dollars. So, the amount of money Oliver had in March was:
33 (dollars in January) - 4 (dollars spent by March) = 29 dollars

Step 3: Oliver received an additional 32 dollars from his mom.

Step 4: Therefore, the total amount of money Oliver had in March after getting the 32 dollars from his mom is:
29 (dollars from January plus what he had in March) + 32 (dollars he received from his mom) = 61 dollars

{The final answer is: Oliver had 61 dollars in March.}</s>",61,61.0,61.0
" ! The school cafeteria had 14 . apples. If they used 13 to make lunch for the students and then bought 49 more, how many apples would they have? ","<s> [INST] 
                    Think step by step through the following problem and clearly show each step of your reasoning. Ensure the final answer is clearly indicated by ending with {The final answer is}.
                    question:
                     ! The school cafeteria had 14 . apples. If they used 13 to make lunch for the students and then bought 49 more, how many apples would they have? 
                 [/INST] Step 1: The school cafeteria had 14 apples.

Step 2: They used 13 apples to make lunch for the students, so the number of apples left is: 14 (initial apples) – 13 (apples used) = 1 apple.

Step 3: Then, they bought 49 more apples. So, the total number of apples they have now is: 1 (remaining apples) + 49 (apples they bought) = 50 apples.

{The final answer is: They would have 50 apples.}</s>",50,50.0,50.0
" While playing a trivia game, Frank answered 3 questions correct in the , first half and 2 questions correct in the second , half. If each question was worth 3 points, what was his ! final score? ","<s> [INST] 
                    Think step by step through the following problem and clearly show each step of your reasoning. Ensure the final answer is clearly indicated by ending with {The final answer is}.
                    question:
                     While playing a trivia game, Frank answered 3 questions correct in the , first half and 2 questions correct in the second , half. If each question was worth 3 points, what was his ! final score? 
                 [/INST] To find Frank's final score, we first need to determine how many points he earned in each half of the game, then add those totals together.

Step 1: Find the points Frank earned in the first half of the game.
He answered 3 questions correctly, and each question was worth 3 points.
First half points = Correct answers in first half * Points per question
First half points = 3 * 3
First half points = 9

Step 2: Find the points Frank earned in the second half of the game.
He answered 2 questions correctly, and each question was worth 3 points.
Second half points = Correct answers in second half * Points per question
Second half points = 2 * 3
Second half points = 6

Step 3: Add the points from both halves to find Frank's total score.
Total points = First half points + Second half points
Total points = 9 + 6
Total points = 15

{The final answer is: Frank's total score is 15 points}</s>",15,15.0,15.0
 Zoe was unboxing some of her old winter clothes. She found 8 boxes of clothing and inside each ! box there were 4 scarves ? and 6 mittens. How many pieces of winter clothing ! did Zoe have total? ,"<s> [INST] 
                    Think step by step through the following problem and clearly show each step of your reasoning. Ensure the final answer is clearly indicated by ending with {The final answer is}.
                    question:
                     Zoe was unboxing some of her old winter clothes. She found 8 boxes of clothing and inside each ! box there were 4 scarves ? and 6 mittens. How many pieces of winter clothing ! did Zoe have total? 
                 [/INST] To find the total number of pieces of winter clothing Zoe has, we need to find out how many scarves and mittens are in each box and then multiply that by the number of boxes.

First, let's find out how many pieces of clothing (scarves and mittens) are in each box:

1 box contains 4 scarves * (1 piece of clothing per scarf) = 4 scarves
1 box contains 4 scarves + 6 mittens = 10 pieces of clothing (1 piece per mitten and scarf)

So, each box contains 10 pieces of clothing.

Now, we can find the total number of pieces of clothing Zoe has by multiplying the number of pieces in each box by the number of boxes:

Total pieces of clothing = Number of boxes * Pieces per box
Total pieces of clothing = 8 boxes * 10 pieces per box
Total pieces of clothing = 80 pieces

{The final answer is: 80 pieces of winter clothing}</s>",80,80.0,80.0
 Frank ; and his friend were buying trick decks from the magic shop for 7 . dollars each. How much . did they spend if Frank bought 3 decks and his friend bought 2 decks? ,"<s> [INST] 
                    Think step by step through the following problem and clearly show each step of your reasoning. Ensure the final answer is clearly indicated by ending with {The final answer is}.
                    question:
                     Frank ; and his friend were buying trick decks from the magic shop for 7 . dollars each. How much . did they spend if Frank bought 3 decks and his friend bought 2 decks? 
                 [/INST] Step 1: We know that each trick deck costs $7.

Step 2: Frank bought 3 decks, so the cost for Frank's decks is 3 * $7 = $21.

Step 3: His friend bought 2 decks, so the cost for his friend's decks is 2 * $7 = $14.

Step 4: To find the total amount spent, we add the cost for Frank's decks to the cost for his friend's decks: $21 + $14 = $35.

{The final answer is $35.}</s>",35,35.0,35.0
" Sam had to wash 40 short sleeve shirts and 23 long sleeve shirts before school. If he had only washed 29 of them by the time school . started, ? how many ? did he not wash? ","<s> [INST] 
                    Think step by step through the following problem and clearly show each step of your reasoning. Ensure the final answer is clearly indicated by ending with {The final answer is}.
                    question:
                     Sam had to wash 40 short sleeve shirts and 23 long sleeve shirts before school. If he had only washed 29 of them by the time school . started, ? how many ? did he not wash? 
                 [/INST] To find out how many shirts Sam did not wash, we first need to determine how many shirts he did wash.

1. Sam had to wash 40 short sleeve shirts in total.
2. He also had to wash 23 long sleeve shirts in total.
3. The number of shirts Sam had washed by the time school started was 29.

Let's calculate the number of short sleeve shirts and long sleeve shirts Sam had washed:

1. Sam had washed 29 shirts in total.
2. There were 40 short sleeve shirts and 23 long sleeve shirts in total.
3. So, the number of short sleeve shirts Sam had washed is 29 amongst the 40.
4. To find this as a percentage of the total number of short sleeve shirts, divide 29 by 40 and multiply by 100: (29/40)*100 = 72.5% 

Since Sam couldn't have washed a percentage of a shirt, we know that he must have washed exactly 29 short sleeve shirts.

Now, let's calculate the number of long sleeve shirts he had not washed:

1. Sam had to wash 23 long sleeve shirts, and had washed 0 by the time school started.
2. Therefore, he had not washed 23 long sleeve shirts.

{The final answer is: Sam had not washed 23 long sleeve shirts.}</s>",34,34.0,23.0
" A waiter . had 47 customers to wait on. If 41 customers left and . he got another 20 customers, how many customers would he have? ","<s> [INST] 
                    Think step by step through the following problem and clearly show each step of your reasoning. Ensure the final answer is clearly indicated by ending with {The final answer is}.
                    question:
                     A waiter . had 47 customers to wait on. If 41 customers left and . he got another 20 customers, how many customers would he have? 
                 [/INST] Step 1: The waiter started with 47 customers.

Step 2: forty-one customers left, so we subtract 41 from 47.

Step 3: New customers arrived, and there were 20 of them.

Step 4: To find out how many customers the waiter is currently serving, we add the number of customers who are still present to those who have just arrived.

The final answer is: 47 (initial customers) - 41 (customers who left) + 20 (new customers) = 62 customers.</s>",26,26.0,62.0
